area_wc	30/12/2019	02/03/2020	03/02/2020	03/08/2020	04/05/2020	06/01/2020	06/04/2020	06/07/2020	07/09/2020	08/06/2020	09/03/2020	10/02/2020	10/08/2020	11/05/2020	13/01/2020	13/04/2020	13/07/2020	14/09/2020	15/06/2020	16/03/2020	17/02/2020	17/08/2020	18/05/2020	20/01/2020	20/04/2020	20/07/2020	21/09/2020	22/06/2020	23/03/2020	24/02/2020	24/08/2020	25/05/2020	27/01/2020	27/04/2020	27/07/2020	29/06/2020	30/03/2020	30/12/2019	31/08/2020
E06000001	0	0	0	0	28	0	21	0	0	5	0	0	2	17	0	27	1	0	5	1	0	0	13	0	36	1	0	1	3	0	0	10	0	34	0	0	7	0	0
E06000002	0	0	0	0	36	0	62	0	0	5	0	0	0	30	0	73	0	0	5	0	0	0	18	0	59	1	0	2	4	0	0	12	0	46	1	2	46	0	0
E06000003	0	0	0	0	19	0	28	1	0	8	0	0	0	18	0	35	1	2	9	0	0	0	31	0	32	0	0	4	0	0	0	20	0	27	0	0	18	0	0
E06000004	0	0	0	2	43	0	20	2	1	11	0	0	4	25	0	36	2	1	5	2	0	0	25	0	27	2	1	11	3	0	0	33	0	15	3	9	16	0	0
E06000005	0	0	0	0	16	0	13	0	0	4	0	0	2	22	0	32	0	0	3	0	0	1	17	0	21	0	0	5	1	0	3	3	0	26	0	2	8	0	0
E06000006	0	0	0	2	9	0	32	2	0	14	0	0	0	12	0	57	0	0	9	1	0	0	15	0	38	0	2	1	3	0	0	11	0	16	0	0	13	0	0
E06000007	0	0	0	2	34	0	60	0	0	8	0	0	0	41	0	78	0	1	9	1	0	0	32	0	79	0	4	2	0	0	2	14	0	75	0	4	13	0	1
E06000008	0	0	0	2	22	0	21	2	0	4	0	0	0	13	0	28	4	0	2	0	0	11	8	0	31	0	6	2	0	0	5	11	0	26	2	0	12	0	0
E06000009	0	0	0	2	26	0	22	4	2	12	0	0	2	21	0	41	2	0	6	0	0	0	22	0	35	4	0	8	0	0	0	13	0	41	2	3	10	0	0
E06000010	0	0	0	0	55	0	23	4	0	26	0	0	2	42	0	30	3	0	19	0	0	0	40	0	43	4	1	4	1	0	0	32	0	45	0	10	12	0	0
E06000011	0	0	0	1	50	0	42	8	0	28	0	0	4	67	0	59	1	0	14	1	0	0	30	0	89	4	1	13	2	0	0	54	0	96	3	9	19	0	0
E06000012	0	0	0	0	4	0	6	0	0	0	0	0	0	6	0	15	0	0	0	0	0	0	0	0	13	0	2	0	4	0	0	0	0	8	0	2	12	0	0
E06000013	0	0	0	2	22	0	11	0	2	7	0	0	0	20	0	13	0	0	1	0	0	0	17	0	41	1	0	0	0	0	0	22	0	35	1	0	4	0	0
E06000014	0	0	0	1	51	0	29	4	0	5	0	0	0	40	0	44	0	2	4	2	0	0	26	0	45	1	0	6	2	0	0	15	0	43	4	2	13	0	0
E06000015	0	0	0	2	45	0	100	0	1	15	0	0	1	33	0	131	2	0	16	2	0	1	30	0	81	5	0	12	13	0	2	13	0	45	5	9	51	0	1
E06000016	0	0	0	2	46	0	78	13	5	26	0	0	3	61	0	67	10	7	19	0	0	3	32	0	77	9	2	10	8	0	4	21	0	66	11	17	36	0	9
E06000017	0	0	0	0	3	0	2	0	0	2	0	0	0	2	0	5	0	0	0	0	0	0	9	0	4	0	0	2	0	0	0	10	0	5	1	0	1	0	0
E06000018	0	0	0	0	55	0	56	0	0	8	0	0	3	23	0	80	0	2	8	0	0	0	17	0	82	2	1	10	11	0	0	9	0	72	0	7	18	0	2
E06000019	0	0	0	0	33	0	15	0	0	4	0	0	0	44	0	22	2	0	1	2	0	2	34	0	14	2	1	5	0	0	0	12	0	28	0	4	19	0	0
E06000020	0	0	0	0	28	0	18	2	0	2	0	0	0	14	0	37	0	0	4	2	0	0	16	0	23	0	0	2	3	0	0	12	0	25	0	3	11	0	0
E06000021	0	0	0	1	50	0	37	6	0	8	0	0	3	31	0	39	2	0	10	0	0	0	37	0	47	1	0	12	5	0	1	24	0	51	1	8	16	0	0
E06000022	0	0	0	0	9	0	32	2	0	4	0	0	0	8	0	32	1	0	0	0	0	0	4	0	26	0	0	0	8	0	0	5	0	31	0	0	20	0	0
E06000023	0	0	0	0	44	0	60	0	1	8	0	0	2	27	0	99	4	0	11	0	0	0	14	0	93	0	3	10	13	0	0	10	0	69	0	3	33	0	1
E06000024	0	0	0	0	43	0	18	2	0	11	0	0	0	34	0	22	3	4	5	2	0	0	20	0	29	0	4	7	1	0	0	20	0	32	0	10	13	0	0
E06000025	0	0	0	0	33	0	61	2	0	5	0	0	0	23	0	47	0	0	3	0	0	0	17	0	48	2	0	0	5	0	2	16	0	40	0	0	26	0	0
E06000026	0	0	0	0	19	0	23	0	1	6	0	0	0	22	0	24	0	3	1	0	0	0	10	0	30	2	3	2	1	0	0	9	0	17	0	0	10	0	1
E06000027	0	0	0	0	13	0	13	0	0	0	0	0	0	11	0	14	0	0	0	2	0	0	1	0	20	0	0	0	2	0	0	4	0	20	0	0	13	0	0
E06000030	0	0	0	0	36	0	53	0	2	5	0	0	2	20	0	72	1	2	4	0	0	2	22	0	49	0	1	1	1	0	4	13	0	36	0	1	10	0	1
E06000031	0	0	0	1	16	0	19	6	2	11	1	0	4	19	0	23	2	2	4	0	0	2	19	0	24	1	6	4	1	0	2	16	0	24	0	2	8	0	1
E06000032	0	0	0	1	21	0	76	2	0	11	0	0	2	21	0	78	5	0	11	1	0	0	23	0	53	0	0	2	7	0	0	13	0	40	1	3	49	0	0
E06000033	0	0	0	1	25	0	65	8	2	6	0	0	0	20	0	61	7	0	11	0	0	2	31	0	46	3	0	9	8	0	4	18	0	35	1	12	34	0	0
E06000034	0	0	0	0	6	0	41	3	0	4	0	0	0	17	0	60	4	0	7	1	0	0	10	0	57	1	0	8	6	0	0	11	0	32	0	3	18	0	0
E06000035	0	0	0	4	22	0	56	0	3	10	0	0	0	24	0	71	2	0	4	0	0	0	25	0	54	3	0	3	12	0	0	14	1	32	5	1	43	0	3
E06000036	0	0	0	0	10	0	23	0	0	2	0	0	0	5	0	21	0	0	5	1	0	0	5	0	24	0	1	1	3	0	0	5	0	20	0	0	11	0	0
E06000037	0	0	0	0	18	0	37	0	0	2	0	0	0	14	0	47	0	0	0	1	0	0	9	0	61	2	0	0	7	0	2	6	0	40	0	0	18	0	0
E06000038	0	0	0	2	27	0	48	0	0	8	0	0	0	19	0	65	0	0	4	0	0	0	14	0	55	0	0	0	2	0	0	14	0	51	0	0	18	0	0
E06000039	0	0	0	0	13	0	30	2	0	3	0	0	2	12	0	50	4	0	0	6	0	0	5	0	29	0	0	0	13	0	0	3	0	23	0	0	24	0	0
E06000040	0	0	0	0	20	0	40	0	0	1	0	0	1	14	0	49	2	2	1	5	0	1	6	0	53	0	0	1	8	0	0	2	0	27	0	2	26	0	0
E06000041	0	1	0	0	27	0	43	1	0	6	1	0	1	26	0	49	2	0	1	2	0	1	11	0	61	1	1	1	2	0	0	10	0	33	0	2	18	0	0
E06000042	0	1	0	1	21	0	79	1	0	4	1	0	0	19	0	72	0	0	2	6	0	0	8	0	85	0	0	0	17	0	1	5	0	35	3	3	32	0	0
E06000043	0	0	0	1	23	0	38	3	0	6	0	0	2	37	0	51	2	0	5	1	0	3	14	0	48	3	0	9	6	0	1	14	0	30	1	1	28	0	0
E06000044	0	0	0	0	11	0	25	1	0	3	0	0	2	8	0	33	0	3	0	4	0	2	1	0	44	0	2	0	12	0	0	4	0	34	0	1	26	0	0
E06000045	0	0	0	0	25	0	39	1	0	4	0	0	2	21	0	63	0	0	0	4	0	0	24	0	48	1	0	2	7	0	0	15	0	39	3	1	20	0	0
E06000046	0	0	0	2	18	0	12	1	0	1	0	0	0	17	0	15	2	0	0	0	0	1	16	0	21	1	0	0	3	0	0	15	0	26	3	1	5	0	2
E06000047	0	0	0	0	125	0	167	3	2	46	0	0	2	120	0	196	0	2	11	2	0	0	97	0	204	1	1	21	12	0	1	85	0	147	4	13	83	0	3
E06000049	0	0	0	3	109	0	103	8	0	48	0	0	1	100	0	151	11	3	27	6	0	0	69	0	141	4	1	39	12	0	2	46	0	117	4	19	49	0	2
E06000050	0	0	0	0	72	0	87	15	1	20	1	0	0	46	0	112	7	1	22	3	0	0	57	0	110	8	2	27	4	0	4	35	0	104	4	14	33	0	1
E06000051	0	0	0	0	58	0	25	9	0	27	0	0	0	50	0	41	5	2	18	3	0	0	48	0	57	3	2	10	9	0	0	35	0	52	0	6	41	0	0
E06000052	0	0	0	1	32	0	63	2	0	1	0	0	3	33	0	80	0	0	2	4	0	0	13	0	58	0	0	1	11	0	0	10	0	42	0	3	51	0	0
E06000053	0	0	0	0	0	0	0	0	0	0	0	0	0	0	0	0	0	0	0	0	0	0	0	0	0	0	0	0	0	0	0	0	0	0	0	0	0	0	0
E06000054	0	0	0	0	88	0	89	4	2	21	1	0	0	65	0	101	2	3	9	6	0	0	49	0	101	2	0	5	5	0	0	32	0	76	0	3	48	0	1
E06000055	0	0	0	2	28	0	24	10	2	9	0	0	2	32	0	51	4	2	5	0	0	1	26	0	33	3	0	12	8	0	5	21	0	24	5	13	28	0	1
E06000056	0	0	0	0	26	0	62	6	1	29	0	0	1	50	0	83	9	1	15	1	0	0	34	0	71	0	3	7	11	0	3	20	0	57	2	11	38	0	0
E06000057	0	0	0	2	65	0	67	3	1	17	0	0	0	48	0	77	3	3	5	0	0	0	40	0	62	2	5	2	4	0	1	18	0	74	0	7	34	0	1
E06000058	0	0	0	1	35	0	46	0	0	7	0	0	0	16	0	56	2	0	6	0	0	0	6	0	78	0	0	0	1	0	0	9	0	81	1	4	18	0	0
E06000059	0	0	0	0	42	0	45	0	0	4	0	0	0	14	0	48	0	0	4	0	0	0	6	0	72	0	0	0	9	0	0	4	0	46	2	0	23	0	0
E07000008	0	0	0	0	13	0	12	0	0	2	0	0	0	11	0	29	0	0	1	0	0	0	6	0	43	0	0	0	1	0	0	14	0	24	0	1	6	0	0
E07000009	0	1	0	0	12	0	16	0	0	0	0	0	0	7	0	27	0	0	1	0	0	0	2	0	19	1	0	0	0	0	0	2	0	9	0	0	2	0	0
E07000010	0	0	0	0	17	0	15	1	0	5	0	0	0	18	0	21	0	2	2	0	0	0	23	0	17	3	2	3	2	0	0	10	0	12	0	0	6	0	0
E07000011	0	0	0	2	17	0	16	3	1	7	1	0	6	23	0	24	2	0	6	0	0	2	27	0	24	0	0	6	3	0	0	23	0	35	1	3	10	0	0
E07000012	0	0	0	0	7	0	10	0	1	5	0	0	0	14	0	26	0	0	2	0	0	0	2	0	11	0	0	0	1	0	0	3	0	23	0	0	11	0	1
E07000026	0	0	0	5	13	0	25	3	0	2	0	0	8	12	0	23	4	0	2	0	0	1	3	0	18	0	0	2	2	0	2	2	0	8	4	1	18	0	0
E07000027	0	0	0	0	14	0	21	4	0	0	0	0	1	6	0	31	1	0	1	0	0	5	2	0	31	0	1	1	4	0	0	2	0	12	0	1	25	0	0
E07000028	0	0	0	2	24	0	22	2	1	3	0	0	6	43	0	28	0	0	0	4	0	4	19	0	33	4	2	4	9	0	2	3	0	33	2	4	22	0	1
E07000029	0	0	0	2	9	0	17	0	0	1	0	0	0	4	0	20	0	0	5	0	0	3	4	0	14	0	2	4	2	0	1	6	0	14	0	1	16	0	0
E07000030	0	0	0	1	8	0	13	2	0	0	0	0	1	15	0	8	2	2	2	0	0	2	2	0	14	0	0	2	4	0	0	2	0	1	0	0	9	0	0
E07000031	0	0	0	0	28	0	61	0	0	5	0	0	0	22	0	55	0	0	2	2	0	0	5	0	37	0	0	0	11	0	0	5	0	19	0	1	40	0	0
E07000032	0	0	0	0	15	0	32	0	0	6	0	0	0	16	0	28	2	1	8	1	0	0	11	0	29	0	1	10	4	0	0	6	0	14	0	1	17	0	0
E07000033	0	0	0	0	13	0	7	0	0	3	0	0	0	15	0	11	0	1	0	2	0	0	11	0	16	0	1	0	2	0	0	4	0	16	0	2	7	0	0
E07000034	0	0	0	1	16	0	20	0	0	3	0	0	0	20	0	30	0	0	3	0	0	0	10	0	23	0	2	2	1	0	0	14	0	12	1	0	8	0	0
E07000035	0	0	0	0	11	0	15	1	0	6	0	0	1	7	0	22	0	0	3	0	0	7	10	0	24	1	0	4	2	0	0	10	0	20	1	1	10	0	0
E07000036	0	0	0	1	22	0	30	4	0	11	0	0	0	11	0	22	1	0	14	0	0	1	6	0	16	2	0	6	3	0	0	9	0	19	0	9	20	0	0
E07000037	0	0	0	2	11	0	26	2	1	12	0	0	1	8	0	45	6	5	6	1	0	3	3	0	40	4	2	3	0	0	1	12	0	28	0	3	5	0	1
E07000038	0	0	0	0	35	0	33	1	1	3	0	0	0	28	0	43	2	3	3	0	0	0	16	0	27	2	0	4	4	0	0	17	0	33	1	0	20	0	0
E07000039	0	0	0	2	17	0	29	2	0	6	0	0	0	15	0	30	1	1	4	1	0	0	12	0	40	0	0	0	5	0	0	5	0	31	2	0	15	0	1
E07000040	0	0	0	0	13	0	6	0	0	5	0	0	1	7	0	12	0	0	0	0	0	1	6	0	14	0	0	4	0	0	0	2	0	20	0	0	8	0	0
E07000041	0	0	0	0	0	0	16	0	0	1	0	0	0	1	0	23	0	0	1	1	0	0	1	0	14	0	0	0	5	0	0	0	0	8	0	0	7	0	0
E07000042	0	0	0	0	2	0	7	0	1	2	0	0	0	4	0	3	2	0	0	0	0	0	0	0	10	0	0	0	0	0	0	2	0	3	1	0	1	0	0
E07000043	0	0	0	0	0	0	7	0	0	0	0	0	0	2	0	15	0	0	0	0	0	0	2	0	11	0	0	0	0	0	0	1	0	13	0	0	0	0	0
E07000044	0	0	0	0	3	0	2	0	0	0	0	0	0	3	0	3	0	0	0	0	0	0	0	0	6	0	0	0	2	0	0	0	0	1	0	0	4	0	0
E07000045	0	0	0	0	5	0	8	0	0	2	0	0	0	4	0	8	0	0	0	1	0	0	3	0	16	0	0	0	1	0	0	0	0	6	0	0	11	0	0
E07000046	0	0	0	0	2	0	4	0	0	0	0	0	0	1	0	13	0	0	0	0	0	0	2	0	9	0	0	0	0	0	0	0	0	7	0	0	0	0	0
E07000047	0	0	0	0	5	0	6	1	1	0	0	0	0	2	0	5	1	0	0	0	0	1	0	0	3	1	0	1	0	0	1	0	0	5	0	0	4	0	1
E07000061	0	0	0	5	15	0	17	0	0	0	0	0	1	21	0	20	4	0	3	1	0	3	7	0	16	0	1	1	4	0	0	5	0	10	0	2	11	0	3
E07000062	0	0	0	0	0	0	3	0	1	0	0	0	0	0	0	6	0	0	0	0	0	0	3	0	2	0	0	0	1	0	0	1	0	0	0	2	2	0	1
E07000063	0	0	0	1	27	0	19	2	0	3	0	0	1	15	0	33	3	0	3	0	0	0	18	0	35	1	0	3	3	0	0	5	0	36	2	3	14	0	0
E07000064	0	0	0	0	15	0	8	0	0	1	0	0	2	16	0	11	1	0	3	0	0	0	16	0	13	1	0	3	2	0	0	3	0	8	4	1	4	0	0
E07000065	0	0	0	3	18	0	23	5	0	9	0	0	3	14	0	32	6	0	5	2	0	2	20	0	41	2	0	2	2	0	3	14	0	23	1	4	10	0	1
E07000066	0	0	0	0	38	0	54	5	0	8	0	0	0	25	0	70	5	0	6	0	0	1	15	0	64	5	0	6	4	0	1	9	0	51	1	11	37	0	0
E07000067	0	0	0	0	16	0	35	2	0	6	0	0	0	13	0	34	2	0	2	0	0	0	12	0	44	2	0	3	4	0	0	16	0	33	2	2	9	0	0
E07000068	0	0	0	0	16	0	22	5	1	2	0	0	0	6	0	37	0	1	0	1	0	0	7	0	26	1	0	0	3	0	0	4	0	12	1	3	22	0	0
E07000069	0	0	0	0	15	0	23	6	0	9	0	0	0	7	0	28	4	0	5	1	0	0	8	0	17	1	0	14	1	0	0	3	0	20	1	6	17	0	0
E07000070	0	1	0	0	22	0	42	5	0	5	0	0	0	12	0	50	1	0	4	1	0	0	20	0	43	3	0	3	8	0	0	18	0	29	0	4	22	0	0
E07000071	0	0	0	1	19	0	29	0	0	1	0	0	0	22	0	41	0	0	3	0	0	0	15	0	37	1	0	0	1	0	0	8	0	26	2	2	9	0	0
E07000072	0	0	0	0	17	0	67	0	0	6	0	0	0	11	0	81	0	0	2	2	0	0	11	0	81	1	0	1	6	0	0	3	0	34	0	2	40	0	0
E07000073	0	0	0	1	3	0	36	2	1	0	0	0	0	6	0	32	0	0	0	0	0	0	2	0	25	0	0	3	5	0	1	3	0	10	1	1	18	0	0
E07000074	0	0	0	1	6	0	13	0	0	0	0	0	0	1	0	14	0	0	3	0	0	0	3	0	9	0	0	0	3	0	0	3	0	7	1	0	6	0	0
E07000075	0	0	0	1	20	0	19	7	0	4	0	0	0	9	0	26	3	0	4	0	0	0	11	0	14	1	0	3	5	0	0	12	0	18	1	4	19	0	0
E07000076	0	0	0	1	25	0	28	0	0	11	0	0	1	22	0	48	1	0	5	0	0	1	19	0	45	0	0	6	11	0	0	23	0	48	2	5	22	0	0
E07000077	0	0	0	0	11	0	17	0	0	0	0	0	1	15	0	16	0	0	0	1	0	0	8	0	20	0	0	0	1	0	0	4	0	16	0	0	10	0	1
E07000078	0	0	0	0	17	0	40	0	0	0	0	0	1	14	0	79	1	2	2	0	0	2	7	0	47	1	0	0	0	0	1	12	0	33	0	0	13	0	0
E07000079	0	0	0	0	8	0	12	0	0	1	0	0	0	1	0	24	0	0	0	1	0	0	2	0	28	0	0	0	0	0	0	5	0	18	0	0	11	0	0
E07000080	0	0	0	0	5	0	15	0	0	0	0	0	0	5	0	20	0	0	4	0	0	0	4	0	13	0	0	0	2	0	0	2	0	13	0	2	10	0	0
E07000081	0	0	0	0	31	0	38	2	0	0	0	0	0	33	0	47	0	0	0	1	0	2	15	0	51	0	0	0	0	0	0	7	0	47	0	0	17	0	0
E07000082	0	0	0	0	19	0	23	0	0	2	0	0	0	7	0	40	0	0	0	0	0	0	7	0	39	0	0	0	5	0	0	1	0	30	0	0	8	0	0
E07000083	0	0	0	0	18	0	27	0	0	3	0	0	0	5	0	45	0	0	1	0	0	0	8	0	54	0	0	0	2	0	0	0	0	41	0	0	4	0	0
E07000084	0	0	0	0	18	0	38	0	0	7	0	0	0	9	0	35	0	0	5	4	0	0	6	0	32	0	1	3	7	0	0	6	0	33	0	0	20	0	0
E07000085	0	0	0	0	26	0	16	2	0	4	0	0	0	16	0	28	0	0	1	2	0	0	5	0	24	0	1	0	4	0	0	3	0	22	0	0	11	0	0
E07000086	0	0	0	0	25	0	13	0	0	8	0	0	0	23	0	25	0	0	1	0	0	0	7	0	32	0	0	1	2	0	0	5	0	38	0	0	13	0	0
E07000087	0	0	0	0	8	0	28	0	1	2	0	0	0	16	0	31	0	0	0	2	0	0	10	0	26	0	1	1	12	0	0	2	0	21	0	0	31	0	1
E07000088	0	0	0	2	7	0	18	0	1	0	0	0	0	5	0	24	0	0	0	0	0	1	5	0	25	0	1	1	7	0	0	0	0	9	1	0	11	0	1
E07000089	0	0	0	0	2	0	18	0	0	3	0	0	0	3	0	23	1	1	2	0	0	0	2	0	9	1	1	0	2	0	0	0	0	14	0	0	11	0	0
E07000090	0	0	0	1	23	0	26	1	0	4	0	0	0	17	0	44	2	0	0	2	0	0	10	0	32	1	0	0	8	0	0	8	0	23	1	2	15	0	0
E07000091	0	0	0	0	27	0	31	2	1	3	0	0	0	24	0	46	0	1	5	0	0	1	18	0	49	0	0	1	4	0	0	4	0	37	0	1	7	0	1
E07000092	0	0	0	1	15	0	13	0	0	1	0	0	0	8	0	21	2	0	6	0	0	0	7	0	43	0	0	1	3	0	0	5	0	33	0	1	6	0	0
E07000093	0	0	0	0	23	0	14	1	0	5	0	0	0	24	0	29	0	3	6	0	0	0	16	0	40	3	2	0	2	0	0	12	0	45	3	1	8	0	0
E07000094	0	0	0	0	24	0	23	1	0	1	0	0	0	33	0	29	2	0	0	0	0	0	16	0	31	0	0	2	3	0	0	4	0	35	2	1	10	0	0
E07000095	0	0	0	0	10	0	30	0	0	0	0	0	1	6	0	32	1	0	0	0	0	1	1	0	17	1	0	0	7	0	0	2	0	15	0	0	26	0	0
E07000096	0	0	0	0	11	0	48	2	0	2	0	0	2	14	0	39	2	0	0	0	0	0	6	0	48	1	0	2	9	0	0	6	0	29	0	4	19	0	2
E07000098	0	0	0	0	24	0	75	0	1	0	1	0	0	11	0	77	1	1	1	1	0	2	12	0	61	1	4	2	13	0	1	2	0	28	0	4	44	0	1
E07000099	0	0	0	0	16	0	24	1	0	3	0	0	0	20	0	27	3	0	0	0	0	0	17	0	33	0	0	0	1	0	0	9	0	21	0	0	13	0	0
E07000102	0	0	0	0	17	0	25	0	0	2	0	0	0	12	0	35	1	0	0	0	0	0	5	0	22	1	0	0	1	0	0	7	0	32	0	0	14	0	0
E07000103	0	0	0	0	15	0	42	3	2	5	1	0	1	8	0	59	4	0	6	0	0	0	8	0	43	0	0	2	3	0	1	6	0	26	0	4	12	0	2
E07000105	0	0	0	3	23	0	21	9	2	17	0	0	4	30	0	33	11	2	23	0	0	2	19	0	20	13	1	21	1	0	1	14	0	29	5	22	8	0	4
E07000106	0	0	0	2	23	0	38	4	0	8	0	0	0	19	0	36	4	0	10	0	0	2	18	0	38	9	0	8	2	0	0	9	0	15	7	4	9	0	0
E07000107	0	0	0	1	11	0	29	10	0	7	0	0	2	7	0	47	5	0	6	0	0	2	10	0	39	1	0	4	7	0	0	7	0	36	3	2	11	0	0
E07000108	0	0	0	1	18	0	28	7	0	16	0	0	0	20	0	20	6	0	13	0	0	1	13	0	31	4	0	12	2	0	1	16	0	18	2	11	7	0	0
E07000109	0	0	0	1	8	0	32	8	2	5	0	0	1	13	0	36	5	0	5	0	0	0	5	0	22	5	0	3	0	0	2	7	0	19	4	5	16	0	3
E07000110	0	0	0	1	14	0	30	0	0	7	0	0	3	25	0	19	0	0	2	0	0	1	8	0	50	0	0	3	2	0	1	10	0	29	0	3	18	0	0
E07000111	0	0	0	4	6	0	26	2	1	6	0	0	1	13	0	44	1	1	2	0	0	0	9	0	39	1	1	0	3	0	1	3	0	18	6	5	19	0	2
E07000112	0	0	0	2	19	0	19	10	0	18	0	0	4	20	0	24	12	1	8	0	0	1	17	0	29	5	0	13	0	0	0	22	0	22	2	10	5	0	1
E07000113	0	0	0	0	16	0	38	1	0	8	0	0	2	18	0	35	2	0	5	1	0	0	16	0	38	1	0	4	3	0	1	11	0	22	1	3	13	0	1
E07000114	0	0	0	2	19	0	32	9	0	10	0	0	3	23	0	48	3	0	2	0	0	2	12	0	48	9	0	4	1	0	1	8	0	53	7	6	15	0	0
E07000115	0	0	0	0	13	0	13	1	0	6	0	0	1	13	0	14	3	0	3	2	0	1	15	0	14	0	0	3	7	0	2	14	0	14	0	2	8	0	0
E07000116	0	0	0	2	7	0	11	2	0	14	0	0	2	9	0	16	8	0	6	0	0	1	7	0	16	0	0	9	1	0	1	19	0	13	0	2	11	0	0
E07000117	0	0	0	4	11	0	28	2	0	4	0	0	0	9	0	15	0	8	6	0	0	0	14	0	19	0	3	0	0	0	0	0	0	7	0	2	7	0	0
E07000118	0	0	0	0	21	0	27	2	0	14	0	0	2	19	0	44	2	0	11	0	0	2	10	0	29	2	0	0	2	0	0	10	0	23	0	0	4	0	0
E07000119	0	0	0	0	18	0	22	1	2	9	0	0	1	10	0	21	2	0	7	0	0	1	15	0	23	1	0	4	1	0	0	8	0	24	0	8	7	0	0
E07000120	0	0	0	1	9	0	10	1	0	9	0	0	0	11	0	21	0	2	0	3	0	2	6	0	15	0	2	0	1	0	0	9	0	16	3	7	4	0	0
E07000121	0	0	0	0	11	0	25	2	0	2	0	0	0	14	0	27	0	0	1	0	0	0	7	0	15	1	2	1	5	0	0	1	0	15	1	2	13	0	0
E07000122	0	0	0	0	14	0	23	0	1	6	0	0	0	18	0	24	2	1	3	0	0	1	11	0	20	2	0	1	3	0	1	4	0	5	0	3	12	0	0
E07000123	0	0	0	3	29	0	26	0	1	10	0	0	1	28	0	24	3	1	10	0	0	0	29	0	27	2	3	6	2	0	0	19	0	18	0	0	20	0	0
E07000124	0	0	0	0	1	0	7	0	0	1	0	0	0	5	0	6	0	1	0	0	0	0	0	0	4	0	3	5	0	0	0	2	0	13	0	3	4	0	0
E07000125	0	0	0	0	20	0	5	2	0	1	0	0	0	12	0	14	0	2	1	0	0	0	5	0	14	0	0	0	0	0	0	6	0	21	0	0	2	0	0
E07000126	0	0	0	0	12	0	17	2	2	8	0	0	0	18	0	31	0	2	4	0	0	0	6	0	23	2	0	4	2	0	0	15	0	18	0	0	10	0	0
E07000127	0	0	0	0	15	0	35	1	0	4	0	0	0	20	0	40	1	0	2	0	0	0	6	0	49	1	2	5	1	0	0	9	0	27	1	3	16	0	0
E07000128	0	0	0	0	24	0	15	2	0	13	0	0	3	31	0	27	0	2	3	0	0	1	16	0	30	0	0	3	0	0	0	23	0	18	2	4	7	0	0
E07000129	0	0	0	0	11	0	9	1	0	6	0	0	0	18	0	14	0	0	2	1	0	0	13	0	16	3	5	8	5	0	0	12	0	18	0	4	11	0	0
E07000130	0	0	0	0	22	0	26	3	1	13	0	0	0	28	0	37	3	1	2	1	0	2	10	0	25	3	1	3	4	0	0	15	0	15	0	5	19	0	0
E07000131	0	0	0	2	10	0	8	6	0	1	0	0	0	14	0	12	2	0	0	2	0	0	3	0	23	2	0	0	3	0	0	5	0	20	0	0	9	0	0
E07000132	0	0	0	0	23	0	18	3	0	8	0	0	0	19	0	16	3	1	5	1	0	2	10	0	25	0	1	17	2	0	0	4	0	31	0	2	13	0	2
E07000133	0	0	0	0	6	0	19	0	3	0	0	0	1	0	0	8	0	0	0	1	0	1	8	0	2	1	2	0	2	0	0	2	0	1	1	0	4	0	3
E07000134	0	0	0	0	6	0	33	2	0	4	0	0	0	1	0	23	0	0	5	0	0	0	6	0	18	1	0	0	2	0	0	7	0	9	1	2	12	0	0
E07000135	0	0	0	0	8	0	18	0	0	3	0	0	0	9	0	16	0	0	11	0	0	0	4	0	14	0	0	4	2	0	0	4	0	14	0	1	10	0	0
E07000136	0	0	0	0	6	0	11	0	0	1	0	0	0	6	0	10	0	0	1	0	0	0	3	0	12	0	0	0	2	0	0	4	0	5	0	0	5	0	0
E07000137	0	0	0	0	15	0	12	3	2	3	0	0	0	3	0	12	1	1	3	0	0	0	3	0	19	2	0	1	2	0	0	3	0	15	2	3	4	0	1
E07000138	0	0	0	0	6	0	4	0	0	2	0	0	0	4	0	10	1	0	0	0	0	0	0	0	7	1	3	1	2	0	0	0	0	10	0	0	2	0	0
E07000139	0	0	0	1	5	0	26	1	0	3	0	0	0	0	0	22	0	0	0	0	0	0	0	0	13	2	0	0	0	0	0	1	0	7	0	0	6	0	0
E07000140	0	0	0	0	12	0	7	0	0	8	0	0	0	14	0	14	0	0	3	0	0	0	15	0	9	1	0	1	2	0	0	7	0	7	1	2	10	0	1
E07000141	0	0	0	0	13	0	11	0	1	6	0	0	1	6	0	15	0	0	4	0	0	4	10	0	20	0	1	4	1	0	0	8	0	19	0	4	7	0	1
E07000142	0	0	0	0	1	0	5	0	0	0	0	0	0	2	0	4	0	0	0	0	0	0	5	0	11	0	0	0	0	0	0	4	0	10	0	0	1	0	0
E07000143	0	0	0	0	21	0	11	3	0	1	0	0	0	20	0	26	0	0	1	0	0	1	10	0	21	0	0	0	3	0	1	14	0	38	0	1	5	0	0
E07000144	0	0	0	0	15	0	9	1	0	2	0	0	0	25	0	15	1	0	0	0	0	0	14	0	22	0	0	1	0	0	0	10	0	11	0	1	12	0	0
E07000145	0	0	0	0	3	0	20	0	0	5	1	0	0	4	0	22	0	0	6	1	0	0	3	0	6	0	0	3	0	0	0	5	0	8	0	2	4	0	0
E07000146	0	0	0	0	36	0	28	0	0	4	0	0	0	25	0	42	0	0	0	2	0	0	21	0	41	0	0	4	2	0	0	4	0	49	0	0	18	0	0
E07000147	0	0	0	2	11	0	14	0	0	1	0	0	0	12	0	12	0	0	3	0	0	0	7	0	10	0	0	1	1	0	0	7	0	15	0	0	10	0	0
E07000148	0	0	0	0	5	0	2	0	0	3	0	0	0	6	0	5	0	2	2	0	0	0	3	0	6	0	0	0	0	0	0	2	0	7	0	2	2	0	0
E07000149	0	0	1	0	12	0	10	3	0	3	0	0	0	16	0	13	0	0	1	0	0	0	7	0	13	0	1	0	1	0	0	5	0	18	0	1	8	0	0
E07000150	0	0	0	0	12	0	10	0	0	5	0	0	0	12	0	19	0	0	1	0	0	0	5	0	5	0	0	2	0	0	0	4	0	14	0	2	3	0	0
E07000151	0	0	0	1	12	0	16	1	0	11	0	0	1	5	0	16	1	0	8	0	0	0	5	0	17	1	0	4	3	0	0	9	0	22	1	2	11	0	0
E07000152	0	0	0	0	9	0	29	0	0	13	0	0	0	5	0	29	3	0	3	0	0	0	14	0	15	2	0	4	0	0	0	13	0	30	0	1	19	0	0
E07000153	0	0	0	0	10	0	13	3	0	7	0	0	0	27	0	17	5	0	6	1	0	2	23	0	18	5	0	2	3	0	0	19	0	12	2	8	12	0	0
E07000154	0	0	0	5	60	0	46	7	0	15	0	0	3	51	0	77	3	0	16	2	0	1	39	0	76	4	0	22	6	0	0	24	0	56	2	11	18	0	0
E07000155	0	0	0	0	5	0	15	2	0	5	0	0	0	9	0	17	1	0	6	0	0	0	2	0	19	1	0	2	1	0	0	7	0	11	0	1	8	0	0
E07000156	0	0	0	0	14	0	13	2	1	6	0	0	0	10	0	18	2	0	2	0	0	0	14	0	25	1	0	0	1	0	2	7	0	15	1	0	3	0	3
E07000163	0	0	0	2	6	0	23	0	0	1	0	0	0	11	0	21	0	0	0	0	0	0	8	0	21	1	0	0	4	0	0	3	0	20	1	4	7	0	0
E07000164	0	0	0	0	10	0	20	0	0	3	0	0	0	2	0	25	0	0	11	2	0	0	1	0	28	4	2	4	0	0	1	3	0	19	0	0	11	0	1
E07000165	0	0	0	1	31	0	36	3	2	19	0	0	0	25	0	40	3	0	24	2	0	2	34	0	56	5	0	12	2	0	4	21	0	38	5	12	18	0	0
E07000166	0	0	0	0	13	0	4	1	0	5	0	0	0	16	0	8	0	0	1	0	0	0	2	0	12	2	0	3	3	0	0	7	0	15	0	1	6	0	0
E07000167	0	0	0	0	7	0	9	0	0	1	0	0	0	4	0	6	0	0	1	0	0	0	1	0	13	0	2	2	1	0	0	4	0	10	0	0	2	0	0
E07000168	0	0	0	0	22	0	19	1	0	1	0	0	0	16	0	27	3	0	5	0	0	0	4	0	23	0	0	2	1	0	0	4	0	29	0	0	7	0	0
E07000169	0	0	0	0	14	0	8	0	0	4	0	0	0	15	0	13	0	0	1	0	0	0	6	0	13	0	0	1	2	0	0	2	0	6	2	2	2	0	0
E07000170	0	0	0	0	35	0	44	2	0	8	1	0	0	28	0	33	4	0	0	1	0	0	9	0	40	2	1	0	4	0	0	13	0	42	1	0	17	0	0
E07000171	0	0	0	3	7	0	13	1	1	16	0	0	0	5	0	20	2	0	4	0	0	1	12	0	25	2	3	6	0	0	1	11	0	10	1	1	3	0	1
E07000172	0	0	0	1	27	0	26	2	0	6	1	0	1	9	0	26	5	0	3	2	0	2	6	0	27	0	0	2	6	0	0	8	0	38	0	0	8	0	0
E07000173	0	0	0	1	17	0	28	0	0	1	0	0	0	19	0	44	1	0	2	1	0	0	21	0	37	1	0	4	5	0	2	10	0	29	1	2	14	0	0
E07000174	0	0	0	3	12	0	34	1	0	6	0	0	0	3	0	22	1	0	4	0	0	0	5	0	15	1	0	9	4	0	0	1	0	6	2	1	22	0	0
E07000175	0	0	0	1	7	0	28	2	0	5	0	0	0	9	0	35	0	2	2	0	0	0	13	0	23	0	0	1	3	0	0	5	0	8	1	0	10	0	0
E07000176	0	0	0	0	9	0	16	1	0	1	1	0	1	9	0	24	0	0	3	2	0	1	11	0	32	2	0	6	3	0	0	13	0	23	0	4	9	0	0
E07000177	0	0	0	0	18	0	31	3	0	2	0	0	0	24	0	49	1	0	0	0	0	0	9	0	36	0	0	0	4	0	0	2	0	42	0	0	10	0	0
E07000178	0	0	0	0	9	0	21	0	0	3	0	0	1	5	0	37	0	0	1	1	0	1	4	0	23	2	0	3	3	0	0	0	0	24	0	1	13	0	0
E07000179	0	0	0	0	18	0	20	1	0	4	0	0	0	23	0	37	1	0	4	3	0	1	22	0	47	0	0	2	4	0	0	14	0	22	1	0	10	0	2
E07000180	0	0	0	0	18	0	59	3	0	0	0	0	0	10	0	46	0	0	1	0	0	0	3	0	36	1	0	1	3	0	2	10	0	27	1	0	23	0	1
E07000181	0	0	0	0	18	0	29	0	1	5	0	0	1	21	0	34	0	0	5	1	0	1	7	0	38	0	0	1	4	0	0	9	0	51	0	2	10	0	1
E07000187	0	0	0	0	2	0	5	0	0	0	0	0	0	3	0	7	0	0	0	0	0	0	2	0	11	0	1	0	0	0	1	13	0	3	0	0	5	0	1
E07000188	0	0	0	0	15	0	9	1	0	3	0	0	0	11	0	22	1	0	1	0	0	1	11	0	22	0	0	2	3	0	1	11	0	12	0	0	6	0	0
E07000189	0	0	0	1	8	0	11	0	0	1	0	0	0	6	0	18	0	0	2	0	0	0	5	0	19	0	0	1	2	0	0	9	0	20	1	1	1	0	0
E07000192	0	0	0	0	10	0	33	2	0	5	0	0	0	7	0	23	1	0	5	1	0	0	7	0	19	1	0	0	4	0	0	6	0	13	0	0	17	0	0
E07000193	0	0	0	0	26	0	40	4	5	6	0	0	0	15	0	51	2	4	5	0	0	0	7	0	60	0	4	1	3	0	0	3	0	51	2	3	27	0	0
E07000194	0	0	0	1	10	0	45	2	0	2	0	0	1	14	0	44	2	2	0	0	0	1	11	0	40	0	1	5	1	0	0	6	0	23	0	4	21	0	0
E07000195	0	0	0	1	22	0	28	5	0	7	0	0	0	17	0	46	3	0	13	0	0	0	20	0	36	2	1	5	4	0	0	19	0	31	2	2	14	0	0
E07000196	0	0	0	0	5	0	31	6	0	7	1	0	1	10	0	33	0	0	4	2	0	0	8	0	28	0	0	2	5	0	1	3	0	20	0	5	28	0	0
E07000197	0	0	0	0	29	0	26	1	0	4	0	0	0	31	0	25	0	0	6	0	0	0	11	0	40	0	0	5	0	0	0	13	0	23	0	4	12	0	0
E07000198	0	0	0	0	17	0	17	5	0	4	0	0	0	9	0	14	0	1	4	1	0	0	8	0	16	0	1	8	3	0	0	8	0	15	2	7	12	0	0
E07000199	0	0	0	2	4	0	23	4	0	3	0	0	1	3	0	29	0	1	6	1	0	0	6	0	14	2	2	5	4	0	0	6	0	6	2	2	12	0	0
E07000200	0	0	0	0	7	0	10	0	0	6	0	0	0	7	0	15	0	2	1	0	0	0	6	0	24	0	0	0	2	0	0	2	0	26	0	0	7	0	0
E07000202	0	0	0	1	28	0	30	2	0	2	0	0	1	24	0	43	0	0	4	0	0	0	7	0	41	0	0	0	3	0	0	8	0	41	0	3	14	0	0
E07000203	0	0	0	0	15	0	19	0	0	7	0	0	0	8	0	17	2	1	4	0	0	0	13	0	13	0	1	1	1	0	0	9	0	26	0	0	8	0	0
E07000207	0	0	0	0	6	0	36	3	0	6	0	0	0	6	0	42	1	0	7	2	0	0	6	0	34	0	0	3	6	0	0	12	0	20	0	4	25	0	2
E07000208	0	0	0	0	7	0	39	0	0	0	0	0	0	2	0	29	0	0	1	2	0	0	3	0	25	0	0	1	6	0	0	4	0	15	0	0	19	0	0
E07000209	0	0	0	1	8	0	21	2	0	3	0	0	1	21	0	27	1	1	4	0	0	1	14	0	40	0	1	3	1	0	0	2	0	21	1	1	9	0	0
E07000210	0	0	0	0	19	0	28	0	0	2	0	0	0	9	0	33	0	0	3	1	0	0	19	0	30	0	0	0	12	0	0	6	0	14	0	0	27	0	0
E07000211	0	0	0	0	21	0	77	0	0	7	1	0	0	15	0	50	0	1	6	3	0	0	8	0	55	0	0	3	15	0	1	4	0	51	0	2	38	0	0
E07000212	0	0	0	0	6	0	24	1	0	5	0	0	0	3	0	22	0	0	5	1	0	0	6	0	21	0	0	2	2	0	0	8	0	17	0	4	14	0	0
E07000213	0	0	0	0	11	0	33	5	0	0	0	0	0	5	0	33	4	1	2	1	0	0	8	0	26	0	1	5	3	0	0	9	0	24	0	2	17	0	0
E07000214	0	0	0	0	23	0	13	0	0	2	0	0	0	17	0	19	0	0	3	1	0	0	13	0	33	0	0	3	3	0	0	11	0	29	0	1	4	0	0
E07000215	0	0	0	0	12	0	21	0	0	2	0	0	0	19	0	18	1	0	4	1	0	0	21	0	37	1	0	4	1	0	0	5	0	15	0	0	18	0	0
E07000216	0	0	0	0	32	0	27	0	0	3	0	0	0	23	0	36	0	0	3	3	0	0	13	0	44	0	0	4	2	0	0	10	0	55	0	5	14	0	0
E07000217	0	0	0	0	12	0	12	2	2	3	0	0	0	16	0	18	2	0	6	0	0	0	4	0	32	1	0	1	1	0	1	13	0	17	0	2	10	0	1
E07000218	0	0	0	1	7	0	15	1	0	4	0	0	2	3	0	26	0	0	6	2	0	1	6	0	27	0	0	9	7	0	2	7	0	32	3	1	5	0	1
E07000219	0	0	0	0	26	0	38	5	0	4	3	0	0	18	0	33	5	1	12	5	0	1	31	0	27	1	1	17	13	0	0	14	0	26	3	12	21	0	1
E07000220	0	0	0	0	18	0	13	0	0	4	0	0	0	19	0	19	0	0	2	0	0	0	7	0	12	0	0	0	2	0	0	13	0	23	0	2	14	0	0
E07000221	0	0	0	0	35	0	28	2	0	5	0	0	0	25	0	49	0	0	1	0	0	0	17	0	76	2	0	0	4	0	0	7	0	64	0	2	14	0	0
E07000222	0	0	0	0	15	0	32	3	0	1	0	0	0	8	0	31	3	0	1	0	0	0	13	0	33	0	0	1	1	0	0	9	0	20	0	1	12	0	0
E07000223	0	0	0	0	8	0	3	0	0	0	0	0	0	7	0	13	0	2	0	0	0	0	7	0	18	0	3	0	0	0	0	0	0	20	0	0	3	0	0
E07000224	0	0	0	0	10	0	13	0	0	6	0	0	0	12	0	20	1	0	3	0	0	0	11	0	17	0	2	0	1	0	0	13	0	12	0	1	8	0	0
E07000225	0	0	0	0	13	0	24	0	0	0	0	0	0	22	0	22	0	0	0	1	0	0	14	0	20	0	0	0	2	0	0	4	0	27	0	0	8	0	0
E07000226	0	0	0	0	10	0	19	0	0	0	0	0	0	12	0	27	2	0	0	0	0	0	9	0	30	0	0	1	4	0	0	8	0	17	0	0	14	0	0
E07000227	0	0	0	0	20	0	21	3	0	2	0	0	1	26	0	29	0	1	4	2	0	1	19	0	36	2	1	3	8	0	0	15	0	21	2	3	13	0	0
E07000228	0	0	0	0	22	0	42	3	0	2	0	0	0	40	0	49	2	0	5	0	0	0	20	0	71	0	1	0	8	0	0	10	0	42	2	1	17	0	0
E07000229	0	0	0	0	19	0	9	2	0	8	0	0	0	11	0	21	0	1	1	0	0	0	12	0	30	0	1	0	1	0	1	2	0	31	0	2	6	0	1
E07000234	0	0	0	1	25	0	36	0	0	4	0	0	0	16	0	50	0	0	4	1	0	0	17	0	40	0	0	2	8	0	0	10	0	24	1	0	22	0	0
E07000235	0	0	0	0	7	0	17	0	0	0	0	0	0	1	0	19	0	0	3	0	0	0	3	0	22	0	0	1	3	0	0	3	0	11	0	1	6	0	0
E07000236	0	0	0	0	11	0	19	2	0	1	0	0	0	6	0	12	0	0	4	0	0	0	11	0	21	0	0	3	3	0	0	7	0	10	0	0	10	0	0
E07000237	0	0	0	0	12	0	12	0	0	3	0	0	0	6	0	15	0	0	0	0	0	0	2	0	18	0	0	0	2	0	0	5	0	31	2	2	9	0	0
E07000238	0	0	0	0	21	0	26	1	0	6	0	0	0	8	0	36	2	1	4	1	0	0	2	0	45	0	1	2	5	0	1	5	0	25	0	3	19	0	1
E07000239	0	0	0	0	20	0	26	2	0	4	0	0	0	16	0	30	0	0	1	1	0	0	16	0	36	0	0	1	7	0	0	2	0	42	0	1	24	0	0
E07000240	0	0	0	2	16	0	42	5	1	5	0	0	2	13	0	63	6	1	4	0	0	3	7	0	43	3	1	1	1	0	2	3	0	30	3	2	15	0	0
E07000241	0	0	0	0	21	0	37	2	0	4	0	0	0	16	0	21	0	0	2	1	0	0	16	0	21	0	0	2	6	0	0	13	0	20	2	4	30	0	0
E07000242	0	0	0	0	5	0	41	1	0	2	0	0	0	17	0	36	2	1	2	0	0	0	2	0	50	0	1	1	1	0	0	3	0	19	0	0	19	0	0
E07000243	0	0	0	1	10	0	2	0	0	0	0	0	0	9	0	28	0	0	0	0	0	0	5	0	36	0	0	3	0	0	0	4	0	12	1	1	6	0	0
E07000244	0	0	0	1	38	0	46	0	0	6	0	0	0	26	0	70	0	0	5	1	0	0	32	0	78	0	0	5	5	0	0	24	0	62	0	2	30	0	0
E07000245	0	0	0	0	17	0	8	1	1	0	0	0	0	21	0	17	2	0	2	1	0	1	14	0	19	1	0	0	1	0	3	6	0	27	1	5	8	0	1
E07000246	0	0	0	0	4	0	11	0	0	0	0	0	2	10	0	9	0	0	2	0	0	1	4	0	17	0	0	1	2	0	1	7	0	15	0	1	4	0	0
E08000001	0	0	0	5	58	0	87	9	5	10	0	0	1	42	0	122	1	2	2	1	0	0	32	0	118	0	6	2	6	0	4	26	0	75	0	4	24	0	1
E08000002	0	0	0	0	33	0	45	5	0	23	0	0	2	24	0	90	2	4	4	2	0	2	16	0	64	0	2	8	12	0	0	30	0	47	2	5	34	0	0
E08000003	0	0	0	1	58	0	117	16	4	17	0	0	2	63	0	170	1	5	7	1	0	3	36	0	106	7	7	10	12	0	2	26	0	99	3	17	46	0	1
E08000004	0	0	0	3	28	0	70	0	0	8	2	0	5	27	0	128	2	0	2	3	0	3	20	0	83	1	0	8	13	0	5	18	0	44	3	5	42	0	1
E08000005	0	0	0	2	23	0	52	7	2	9	1	0	2	19	0	76	5	2	19	1	0	2	20	0	65	1	2	8	14	0	8	24	0	35	2	1	60	0	0
E08000006	0	0	0	3	41	0	118	2	10	4	0	0	0	31	0	123	4	11	8	0	0	0	16	0	75	1	9	5	24	0	0	15	0	68	0	7	96	0	4
E08000007	0	0	0	6	71	0	91	1	3	15	0	0	9	48	0	107	4	2	2	7	0	3	30	0	113	10	3	5	12	0	7	28	0	83	8	6	61	0	3
E08000008	0	0	0	9	40	0	63	12	21	20	1	0	3	50	0	83	5	20	26	5	0	8	21	0	89	2	20	18	17	0	13	24	0	38	4	11	45	0	9
E08000009	0	0	0	2	43	0	37	5	2	11	1	0	2	23	0	74	3	0	8	6	0	0	23	0	76	5	4	9	6	0	2	30	0	66	2	8	27	0	0
E08000010	0	0	0	0	76	0	55	2	0	17	0	0	2	64	0	127	4	0	9	0	0	0	46	0	119	5	0	9	3	0	0	14	0	106	2	4	33	0	0
E08000011	0	0	0	0	27	0	26	0	0	4	0	0	0	19	0	68	2	0	3	0	0	0	14	0	42	0	5	3	3	0	1	16	0	43	0	0	14	0	1
E08000012	0	0	0	3	64	0	255	2	3	12	0	0	4	50	0	251	0	8	13	1	0	2	36	0	195	7	14	10	22	0	2	15	0	98	2	7	103	0	2
E08000013	0	0	0	1	52	0	43	0	1	7	0	0	2	26	0	77	3	0	2	0	0	0	9	0	71	2	0	3	1	0	0	14	0	66	1	2	15	0	0
E08000014	0	0	0	3	34	0	113	1	1	8	0	0	3	29	0	102	8	1	10	0	0	0	23	0	98	4	6	4	7	0	0	16	0	73	0	11	42	0	0
E08000015	0	0	0	1	59	0	127	5	1	16	0	0	0	49	0	169	5	5	19	3	0	6	46	0	145	1	5	8	10	0	2	31	0	86	7	7	56	0	0
E08000016	0	0	0	0	51	0	64	6	1	14	0	0	0	50	0	61	0	0	9	0	0	0	28	0	52	2	2	10	1	0	1	28	0	56	2	9	28	0	2
E08000017	0	0	0	1	43	0	51	12	0	26	0	0	1	56	0	56	4	0	19	0	0	0	44	0	52	3	5	17	1	0	0	26	0	61	0	17	10	0	0
E08000018	0	0	0	2	44	0	63	6	0	25	0	0	3	42	0	116	7	2	19	1	0	1	34	0	105	10	2	9	2	0	0	29	0	76	5	13	22	0	0
E08000019	0	0	0	1	117	0	111	9	5	7	0	0	3	83	0	196	4	9	10	2	0	4	88	0	201	3	8	9	12	0	2	47	0	165	0	1	59	0	4
E08000021	0	0	0	3	33	0	75	1	0	18	0	0	0	28	0	84	1	5	4	0	0	4	41	0	61	2	5	4	10	0	0	31	0	55	0	2	27	0	2
E08000022	0	0	0	0	52	0	23	2	0	2	0	0	0	40	0	42	0	0	2	0	0	2	16	0	41	0	1	3	3	0	0	17	0	44	0	5	18	0	0
E08000023	0	0	0	0	38	0	35	4	0	2	0	0	0	25	0	34	0	6	4	0	0	0	49	0	46	0	9	2	5	0	0	16	0	47	0	3	14	0	0
E08000024	0	0	0	0	55	0	115	1	0	4	0	0	0	37	0	161	3	0	1	0	0	2	25	0	115	0	3	2	10	0	0	21	0	62	0	0	51	0	0
E08000025	0	0	0	5	151	0	463	9	5	27	1	0	5	107	0	485	5	11	16	18	0	3	69	0	344	6	38	13	96	0	5	46	0	221	9	8	275	0	1
E08000026	0	0	0	1	34	0	108	0	2	6	0	0	3	28	0	110	0	1	4	0	0	0	23	0	89	2	3	3	21	0	0	9	0	42	2	0	68	0	2
E08000027	0	0	0	1	32	0	113	2	0	11	3	0	1	25	0	95	3	0	10	3	0	1	23	0	90	0	2	8	22	0	0	17	0	51	1	1	91	0	2
E08000028	0	0	0	5	41	0	130	3	1	15	0	0	0	51	0	150	1	5	14	8	0	1	24	0	97	3	3	5	22	0	1	26	0	55	3	5	74	0	2
E08000029	0	0	0	0	35	0	85	3	1	7	0	0	1	41	0	118	2	4	3	1	0	0	21	0	91	1	3	3	5	0	0	8	0	64	0	1	44	0	0
E08000030	0	0	0	3	59	0	121	1	0	8	1	0	4	42	0	139	3	0	8	3	0	4	32	0	98	3	0	8	26	0	0	18	0	79	1	5	86	0	0
E08000031	0	0	0	0	38	0	96	2	2	11	3	0	2	24	0	100	2	2	7	17	0	4	22	0	64	1	0	7	40	0	2	13	0	62	0	3	99	0	2
E08000032	0	0	0	6	97	0	100	8	8	27	0	0	0	83	0	143	2	15	20	1	0	10	60	0	160	5	9	20	8	0	4	39	0	142	3	10	45	0	2
E08000033	0	0	0	2	18	0	39	4	1	4	0	0	4	10	0	41	3	3	3	0	0	3	4	0	41	1	3	0	0	0	1	8	0	31	3	1	22	0	0
E08000034	0	0	0	7	51	0	86	4	3	22	0	0	1	57	0	107	11	4	7	2	0	5	25	0	87	6	10	1	5	0	7	25	0	68	3	4	48	0	5
E08000035	0	0	0	1	147	0	129	8	6	23	0	0	6	108	0	235	9	6	16	1	0	2	59	0	248	6	6	18	15	0	2	54	0	216	2	7	78	0	1
E08000036	0	0	0	3	41	0	102	7	5	16	0	0	0	40	0	125	3	1	9	2	0	0	47	0	102	3	2	10	7	0	4	35	0	55	7	6	42	0	4
E08000037	0	0	0	0	46	0	73	0	4	5	0	0	0	30	0	84	2	2	4	0	0	0	23	0	80	0	2	4	2	0	0	12	0	72	0	2	29	0	2
E09000001	0	0	0	0	0	0	4	0	0	0	0	0	0	1	0	0	0	0	0	0	0	0	1	0	1	0	0	0	2	0	0	0	0	0	0	0	0	0	0
E09000002	0	0	0	0	19	0	71	0	3	3	0	0	0	10	0	56	1	1	3	9	0	0	3	0	40	1	3	1	18	0	0	6	0	27	0	1	63	0	0
E09000003	0	1	0	0	44	0	193	1	0	3	0	0	1	29	0	178	1	0	4	7	0	1	18	0	125	3	0	2	48	0	2	7	0	66	2	1	179	0	0
E09000004	0	0	0	1	30	0	91	2	0	7	1	0	8	17	0	86	9	0	8	8	0	0	15	0	57	2	2	5	13	0	0	18	0	30	7	2	56	0	0
E09000005	0	0	0	0	39	0	207	1	0	10	1	0	1	28	0	198	1	4	3	18	0	0	14	0	133	2	2	3	64	0	0	9	0	85	0	4	151	0	1
E09000006	0	0	0	0	57	0	99	3	2	4	1	0	1	43	0	115	4	1	9	5	0	1	24	0	106	2	3	4	27	0	0	17	0	65	0	4	93	0	0
E09000007	0	0	0	1	6	0	73	2	0	0	0	0	0	6	0	59	1	0	1	6	0	0	7	0	60	0	0	0	12	0	0	2	0	24	1	0	56	0	0
E09000008	0	0	0	0	61	0	191	3	0	10	0	0	0	55	0	180	2	4	6	10	0	0	26	0	148	1	2	4	49	0	0	13	0	78	0	6	134	0	0
E09000009	0	0	0	0	33	0	146	4	4	10	2	0	3	27	0	204	0	2	3	8	0	1	16	0	129	3	3	1	47	0	0	9	0	70	2	4	97	0	0
E09000010	0	0	0	1	29	0	175	3	1	2	1	0	0	15	0	163	0	3	4	7	0	0	19	0	156	1	2	2	31	0	0	4	0	60	1	5	96	0	0
E09000011	0	0	0	0	18	0	101	1	0	3	0	0	2	5	0	101	0	0	0	6	0	0	7	0	55	0	0	1	33	0	0	4	0	36	0	5	69	0	0
E09000012	0	0	0	0	18	0	110	0	0	0	0	0	1	12	0	88	3	0	0	4	0	5	14	0	62	3	0	2	22	0	0	6	0	20	2	0	87	0	0
E09000013	0	0	0	0	22	0	76	0	0	3	1	0	0	5	0	60	0	0	0	3	0	1	4	0	49	0	0	1	20	0	0	3	0	28	2	1	61	0	0
E09000014	0	0	0	1	21	0	134	1	0	3	0	0	2	19	0	105	1	1	1	7	0	0	16	0	64	0	5	5	30	0	0	5	0	33	0	5	93	0	0
E09000015	0	0	0	1	52	0	132	3	0	4	1	0	1	30	0	161	0	0	6	15	0	0	14	0	106	1	0	2	50	0	0	10	0	58	3	1	142	0	2
E09000016	0	0	0	0	31	0	112	1	1	2	0	0	0	33	0	124	2	1	0	4	0	0	5	0	78	1	5	1	20	0	0	12	0	40	1	1	82	0	1
E09000017	0	0	0	0	24	0	121	3	0	1	0	0	0	13	0	119	1	0	3	3	0	1	14	0	114	0	0	3	28	0	1	4	0	66	0	4	100	0	0
E09000018	0	0	0	1	27	0	79	6	1	8	2	0	3	11	0	80	2	1	2	5	0	0	5	0	70	3	2	6	37	0	0	10	0	44	0	3	69	0	1
E09000019	0	0	0	0	16	0	77	0	2	0	0	0	0	9	0	47	0	0	4	3	0	1	8	0	34	2	0	0	14	0	0	4	0	30	1	0	55	0	0
E09000020	0	0	0	0	12	0	56	1	0	2	0	0	0	9	0	45	1	1	1	4	0	0	1	0	33	0	0	2	17	0	0	3	0	13	0	1	51	0	0
E09000021	0	0	0	1	23	0	31	0	0	2	0	0	1	18	0	54	0	2	2	1	0	0	14	0	46	0	0	0	12	0	0	3	0	32	0	1	20	0	0
E09000022	0	0	0	0	18	0	109	2	0	7	0	0	1	24	0	100	1	0	5	9	0	0	14	0	66	0	0	3	40	0	0	11	0	55	1	0	111	0	0
E09000023	0	0	0	1	30	0	144	1	0	10	0	0	0	24	0	96	0	0	4	3	0	0	8	0	79	0	1	0	34	0	0	4	0	44	1	1	93	0	0
E09000024	0	0	0	2	19	0	84	1	0	2	3	0	0	14	0	85	0	0	3	4	0	0	13	0	57	0	0	2	23	0	0	5	0	29	0	3	55	0	0
E09000025	0	0	0	0	25	0	140	2	0	2	1	0	1	15	0	125	0	0	3	11	0	1	5	0	81	2	4	3	31	0	0	3	0	38	2	1	119	0	0
E09000026	0	0	0	0	36	0	124	0	2	3	1	0	1	19	0	121	0	4	0	1	0	1	25	0	94	0	5	2	41	0	0	9	0	47	0	2	94	0	0
E09000027	0	0	0	0	12	0	54	1	0	0	0	0	0	15	0	67	2	0	1	2	0	0	4	0	52	1	0	4	13	0	2	5	0	25	1	4	39	0	0
E09000028	0	1	0	0	28	0	116	1	0	2	0	0	4	15	0	79	1	0	3	11	0	0	19	0	48	2	0	2	44	0	2	4	0	35	2	1	83	0	0
E09000029	0	0	0	1	18	0	73	0	0	6	0	0	1	11	0	74	0	0	0	3	0	0	13	0	48	0	0	3	12	0	0	9	0	36	0	2	41	0	0
E09000030	0	0	0	0	10	0	99	0	0	1	1	0	0	9	0	89	0	0	1	1	0	0	3	0	37	0	3	4	33	0	0	4	0	18	0	0	60	0	0
E09000031	0	0	0	1	24	0	94	0	0	3	1	0	0	28	0	101	2	0	4	4	0	0	15	0	54	1	4	1	29	0	0	3	0	36	1	0	87	0	0
E09000032	0	0	0	0	24	0	76	1	0	4	0	0	0	13	0	87	0	0	3	19	0	0	11	0	48	1	0	0	43	0	0	4	0	21	1	2	71	0	0
E09000033	0	0	0	5	9	0	74	2	0	4	0	0	0	12	0	68	0	0	0	9	0	0	2	0	58	0	0	0	24	0	0	4	0	22	0	0	80	0	0
W06000001	0	0	0	0	12	0	3	0	0	1	0	0	0	8	0	1	2	0	2	0	0	0	10	0	2	0	0	1	0	0	0	11	0	6	0	3	0	0	0
W06000002	0	0	0	0	7	0	22	0	0	6	0	0	0	7	0	17	0	0	3	1	0	0	14	0	17	0	0	0	1	0	0	11	0	16	0	1	7	0	1
W06000003	0	0	0	1	17	0	12	4	0	14	0	0	2	9	0	11	3	0	15	0	0	0	21	0	24	1	0	4	0	0	0	15	0	20	2	7	3	0	0
W06000004	0	0	0	6	18	0	13	3	0	9	0	0	0	13	0	18	3	0	9	0	0	0	20	0	21	0	0	6	1	0	0	26	0	23	2	4	6	0	2
W06000005	0	0	0	6	25	0	33	2	2	5	0	0	0	23	0	46	3	3	10	0	0	2	23	0	19	3	2	7	2	0	3	14	0	19	5	8	12	0	0
W06000006	0	0	0	18	7	0	7	6	2	18	0	0	14	21	0	15	0	1	6	2	0	5	11	0	19	0	1	8	1	0	1	16	0	14	17	12	1	0	0
W06000008	0	0	0	0	0	0	3	0	0	0	0	0	0	0	0	1	0	0	0	0	0	0	2	0	3	0	0	0	2	0	0	0	0	0	0	0	3	0	0
W06000009	0	0	0	0	12	0	16	3	0	0	0	0	0	11	0	8	0	0	0	0	0	0	3	0	11	0	0	0	0	0	0	4	0	14	0	1	1	0	0
W06000010	0	0	0	1	19	0	20	0	0	3	0	0	1	17	0	19	0	0	3	0	0	0	19	0	15	0	0	0	2	0	0	10	0	27	0	4	8	0	2
W06000011	0	0	0	0	31	0	39	0	0	2	0	0	0	26	0	82	0	0	5	0	0	0	18	0	100	0	0	5	8	0	0	8	0	53	0	2	22	0	0
W06000012	0	0	0	0	29	0	27	0	0	4	0	0	0	12	0	34	0	0	0	1	0	0	3	0	35	0	0	0	2	0	0	9	0	31	0	0	8	0	0
W06000013	0	0	0	0	20	0	43	4	0	2	0	0	0	11	0	32	0	0	2	1	0	0	8	0	31	0	2	3	5	0	0	3	0	14	0	2	4	0	0
W06000014	0	0	0	1	17	0	28	3	0	7	0	0	1	10	0	38	1	0	4	0	0	3	2	0	20	1	0	5	3	0	0	12	0	23	1	5	23	0	0
W06000015	0	0	0	7	70	0	122	10	0	9	0	0	2	54	0	128	4	0	6	3	0	2	30	0	129	3	2	5	7	0	0	16	0	87	1	9	52	0	2
W06000016	0	0	0	3	50	0	78	4	0	23	0	0	0	26	0	124	4	2	7	0	0	0	32	0	92	1	11	4	4	0	0	27	0	59	1	3	35	0	0
W06000018	0	0	0	1	7	0	54	2	0	0	0	0	0	6	0	59	0	3	0	1	0	0	5	0	38	0	2	5	15	0	0	5	0	22	1	3	44	0	0
W06000019	0	0	0	0	5	0	19	0	0	0	0	0	0	3	0	34	0	0	0	0	0	0	1	0	31	0	1	2	7	0	0	3	0	9	0	0	12	0	0
W06000020	0	0	0	0	6	0	32	0	0	2	0	0	0	3	0	21	0	1	0	1	0	0	3	0	13	0	1	0	12	0	0	2	0	19	0	0	16	0	0
W06000021	0	0	0	0	7	0	21	0	0	2	0	0	0	11	0	20	0	0	1	2	0	0	10	0	27	0	0	1	5	0	0	13	0	6	0	0	16	0	0
W06000022	0	0	0	0	36	0	56	0	0	0	0	0	1	23	0	45	0	0	0	4	0	3	12	0	40	0	0	1	14	0	0	8	0	38	0	2	39	0	0
W06000023	0	0	0	1	15	0	17	1	0	2	0	0	1	20	0	37	0	0	3	1	0	1	4	0	41	1	0	0	3	0	0	2	0	24	1	0	8	0	0
W06000024	0	0	0	0	11	0	24	0	0	0	0	0	1	10	0	27	0	3	0	0	0	1	7	0	29	0	1	0	0	0	0	2	0	11	0	0	4	0	0
