area_wc	30/12/2019	02/03/2020	03/02/2020	03/08/2020	04/05/2020	06/01/2020	06/04/2020	06/07/2020	07/09/2020	08/06/2020	09/03/2020	10/02/2020	10/08/2020	11/05/2020	13/01/2020	13/04/2020	13/07/2020	14/09/2020	15/06/2020	16/03/2020	17/02/2020	17/08/2020	18/05/2020	20/01/2020	20/04/2020	20/07/2020	21/09/2020	22/06/2020	23/03/2020	24/02/2020	24/08/2020	25/05/2020	27/01/2020	27/04/2020	27/07/2020	29/06/2020	30/03/2020	30/12/2019	31/08/2020
E06000001	54	32	40	39	49	45	29	33	26	23	38	35	27	44	61	54	42	28	26	43	37	34	27	43	43	30	49	34	40	39	29	31	37	43	31	35	44	54	38
E06000002	81	71	40	46	64	83	72	47	48	53	54	34	41	53	61	77	43	37	38	41	71	47	50	86	74	53	30	49	54	61	47	46	52	72	38	52	91	81	34
E06000003	88	61	72	64	43	75	57	51	49	58	54	77	61	70	65	67	53	50	62	52	75	54	55	50	74	48	67	59	57	75	65	44	55	63	64	64	51	88	38
E06000004	71	87	83	49	62	96	103	66	71	52	85	54	59	52	83	95	50	54	51	79	48	70	56	92	54	58	68	51	62	63	69	53	69	79	47	71	77	71	70
E06000005	63	56	35	32	47	69	47	22	38	40	47	44	31	46	61	52	28	36	44	44	49	32	33	49	57	37	42	38	44	66	36	39	47	54	41	36	56	63	32
E06000006	77	66	55	32	60	51	47	48	43	38	42	61	30	44	64	41	33	32	37	47	38	32	47	64	48	29	52	48	51	39	37	46	56	64	34	39	49	77	22
E06000007	81	81	70	54	56	88	105	50	78	50	85	82	67	70	94	85	67	55	66	98	93	68	71	75	104	56	39	59	82	71	58	64	77	61	64	50	62	81	54
E06000008	56	52	56	48	44	72	68	30	43	23	45	38	40	57	57	56	42	48	40	65	52	48	65	52	49	45	45	52	55	34	39	25	69	78	41	34	50	56	39
E06000009	82	92	78	67	59	89	72	45	59	78	95	78	57	54	83	92	55	45	55	87	67	50	52	67	87	60	52	69	83	79	37	45	96	77	71	59	87	82	45
E06000010	125	88	102	77	80	140	94	70	77	76	94	98	84	110	130	109	71	71	73	104	99	82	102	109	101	68	86	89	99	90	79	69	116	96	95	74	95	125	62
E06000011	194	167	150	154	150	227	143	108	111	131	156	139	125	143	209	180	134	118	134	169	164	113	142	179	207	132	129	113	149	193	136	117	165	147	117	129	173	194	121
E06000012	92	65	65	51	70	80	75	47	72	56	60	71	68	60	91	71	64	57	42	49	80	76	59	73	61	55	55	61	68	66	47	46	67	53	53	59	58	92	62
E06000013	91	67	66	54	63	80	82	54	64	40	89	79	50	65	81	84	51	60	56	58	78	50	61	89	97	49	53	49	71	90	69	56	70	72	59	46	71	91	60
E06000014	78	83	69	61	96	77	67	67	62	54	78	64	50	75	63	93	53	55	55	81	102	59	68	72	95	45	38	65	72	85	54	48	77	89	52	62	69	78	69
E06000015	90	85	82	85	80	122	114	62	79	92	99	105	77	82	130	86	56	65	76	87	104	71	65	122	113	76	43	69	87	108	79	74	113	100	85	76	110	90	69
E06000016	106	104	118	86	96	99	139	65	76	72	101	97	93	104	100	128	104	64	85	103	111	68	82	110	133	101	80	94	115	87	76	66	95	134	81	72	136	106	60
E06000017	25	11	15	11	12	14	19	9	14	7	15	13	15	18	11	12	11	14	8	23	29	11	14	19	19	17	17	6	23	19	4	12	19	10	15	10	23	25	10
E06000018	95	118	79	77	68	121	109	71	75	91	90	105	81	100	101	79	81	66	60	94	90	48	89	97	87	77	84	79	105	98	64	79	84	75	69	89	106	95	61
E06000019	105	130	79	65	78	101	62	65	85	71	94	93	77	82	118	86	58	81	76	97	99	78	79	70	103	70	83	55	79	111	62	54	93	78	50	68	74	105	74
E06000020	97	56	69	43	59	86	83	49	60	52	69	71	56	58	83	90	55	73	49	65	58	68	36	57	71	53	63	61	59	64	50	56	76	59	52	48	80	97	45
E06000021	118	109	85	72	90	150	126	65	89	70	91	95	107	88	122	127	77	90	82	95	76	77	84	106	133	92	98	85	103	108	85	94	93	111	87	85	111	118	94
E06000022	64	76	55	35	63	72	77	47	67	65	86	58	69	62	77	89	61	56	57	69	55	51	76	73	74	56	58	57	61	75	69	46	83	53	54	47	87	64	62
E06000023	135	134	128	90	97	173	147	112	116	97	119	130	100	133	171	152	96	107	77	143	140	100	109	127	163	111	84	92	126	145	99	107	134	150	77	88	148	135	92
E06000024	119	111	101	59	94	111	72	67	76	71	81	87	79	119	99	102	85	72	73	88	102	73	84	117	118	70	72	86	108	91	81	73	85	111	85	95	71	119	64
E06000025	88	109	84	86	76	81	119	85	71	69	84	74	89	109	114	101	81	67	85	82	75	86	81	109	103	70	87	82	100	78	80	93	98	102	71	74	112	88	62
E06000026	119	100	87	55	110	128	111	93	106	80	103	88	81	94	110	124	87	75	79	101	86	78	70	106	93	71	75	91	109	90	98	58	85	103	70	85	118	119	78
E06000027	81	69	64	59	44	94	75	58	61	59	54	70	57	63	78	75	55	66	57	72	74	55	65	60	72	66	73	64	91	66	43	65	74	54	58	53	101	81	48
E06000030	57	82	82	58	64	68	91	51	63	57	76	74	74	78	85	89	54	54	70	86	71	71	56	66	95	69	53	59	69	75	43	63	68	75	53	53	89	57	56
E06000031	57	54	67	39	54	94	62	36	43	43	57	78	43	65	77	88	42	41	42	62	65	54	64	72	74	38	45	59	70	62	43	49	68	77	45	50	67	57	37
E06000032	69	44	66	57	63	59	87	46	47	48	44	65	42	39	50	94	50	39	49	55	68	51	53	62	75	46	39	60	60	60	53	50	67	55	47	42	77	69	47
E06000033	87	70	76	55	65	76	102	61	70	61	96	55	73	62	72	97	54	59	52	71	73	55	52	98	89	68	61	79	78	90	63	66	80	74	51	53	80	87	49
E06000034	55	69	56	24	29	55	66	26	44	19	50	57	37	26	48	115	33	47	33	45	51	36	40	80	59	32	43	39	60	60	27	35	44	53	42	43	82	55	35
E06000035	106	95	106	77	60	117	84	62	106	52	100	86	82	81	118	109	56	83	69	112	71	73	66	112	100	87	92	81	68	89	88	60	114	81	92	62	70	106	73
E06000036	36	25	22	25	33	37	43	25	23	14	24	30	18	28	45	32	26	28	27	31	30	18	27	35	31	13	21	23	32	23	21	28	41	30	24	25	31	36	33
E06000037	69	49	43	53	40	82	46	42	55	43	69	43	53	51	65	51	43	51	51	35	51	44	43	38	38	46	44	35	54	35	59	41	46	42	41	44	53	69	56
E06000038	63	39	35	21	24	67	52	44	31	36	57	36	45	28	55	58	34	35	22	50	32	42	51	39	46	33	39	29	60	48	37	40	49	60	39	29	47	63	32
E06000039	28	29	33	21	25	26	49	19	31	32	48	34	25	27	35	36	11	23	31	38	17	19	19	24	45	22	28	29	37	30	17	24	23	50	29	25	49	28	27
E06000040	63	48	46	37	41	73	63	24	49	46	51	58	34	46	75	81	35	38	40	57	57	31	35	60	55	32	21	32	82	64	30	26	56	63	25	31	61	63	43
E06000041	44	41	60	29	40	49	52	39	54	47	39	47	45	39	40	54	45	28	23	54	56	49	37	46	55	45	19	27	39	51	45	57	61	44	45	49	55	44	36
E06000042	83	85	82	51	69	89	100	46	56	59	68	92	59	81	80	113	63	57	52	55	68	52	65	70	71	56	49	49	72	65	40	63	91	84	62	50	86	83	47
E06000043	98	102	77	62	66	82	96	53	93	49	85	67	80	67	91	94	75	80	71	70	84	62	68	80	98	54	77	79	101	83	55	63	93	61	59	68	98	98	74
E06000044	70	65	66	48	65	71	63	42	61	50	80	66	72	56	62	68	49	56	56	73	53	58	57	65	59	54	53	49	68	46	48	53	68	72	47	46	86	70	51
E06000045	93	67	66	54	52	81	84	57	57	53	70	73	65	59	67	82	61	58	43	74	87	60	67	73	88	75	35	64	68	70	60	52	76	85	56	60	83	93	57
E06000046	80	65	78	63	51	76	75	55	59	60	71	88	74	75	83	53	55	66	50	54	78	57	70	84	72	75	96	58	58	62	70	55	98	65	65	66	69	80	56
E06000047	235	223	226	182	212	236	244	201	194	159	252	235	195	223	226	307	206	204	193	209	215	166	202	245	252	229	200	188	251	210	151	170	236	259	198	195	242	235	172
E06000049	193	147	171	103	150	208	186	106	125	124	172	162	128	135	151	224	100	111	106	159	143	115	113	168	194	130	107	123	172	160	117	111	203	151	146	109	203	193	102
E06000050	169	141	142	107	125	163	157	103	109	114	108	127	103	112	152	184	97	112	101	120	138	88	94	149	176	100	104	117	141	145	91	100	162	147	113	85	168	169	86
E06000051	149	134	136	126	97	179	136	119	146	114	163	150	113	152	196	150	110	133	101	133	138	124	140	145	163	111	129	112	119	135	118	121	150	148	119	112	182	149	115
E06000052	298	228	261	191	224	338	261	205	191	229	244	269	216	222	337	276	206	228	195	232	247	217	226	291	250	192	240	218	249	236	196	221	289	197	202	203	272	298	148
E06000053	0	0	0	0	0	6	0	2	0	0	2	0	2	0	0	0	2	0	0	0	0	0	0	0	1	2	0	0	2	0	2	2	0	1	2	0	0	0	0
E06000054	229	209	197	169	172	232	229	142	173	172	185	192	167	196	211	202	147	152	177	211	186	165	166	197	245	168	155	143	208	203	139	154	203	192	176	137	224	229	140
E06000055	66	71	52	43	52	77	74	49	58	46	56	54	56	55	84	77	55	38	40	41	53	46	61	72	92	40	64	39	42	61	38	34	70	76	45	32	64	66	26
E06000056	111	71	90	71	70	101	119	64	71	68	99	91	64	86	115	130	53	57	52	91	88	56	89	92	116	64	64	60	102	71	83	74	81	108	49	78	119	111	71
E06000057	149	137	157	112	115	156	168	99	106	93	148	162	126	141	175	143	99	125	92	138	152	112	117	138	194	107	136	105	127	130	117	86	140	163	121	106	174	149	105
E06000058	197	163	153	147	144	189	218	140	146	123	171	133	184	178	198	187	130	158	148	153	149	173	157	180	191	154	111	147	141	172	151	149	185	159	134	150	205	197	141
E06000059	181	219	179	141	180	235	230	134	175	172	218	193	163	187	245	180	139	144	141	177	162	154	201	175	216	177	142	153	181	185	136	164	183	204	159	143	222	181	154
E07000008	35	34	27	31	33	39	33	25	22	17	29	33	32	30	31	51	28	15	27	28	36	35	21	24	26	27	18	23	23	28	19	25	24	31	19	33	41	35	27
E07000009	25	39	28	26	31	33	47	28	33	22	40	28	36	29	34	41	34	26	27	37	35	34	31	36	34	19	24	24	36	35	38	26	37	17	19	25	28	25	25
E07000010	54	37	60	49	47	63	43	31	29	43	54	61	45	59	54	50	37	40	34	56	50	44	41	53	79	42	39	41	43	37	31	30	52	41	27	41	52	54	20
E07000011	55	88	66	43	68	82	73	43	47	39	70	77	51	45	68	64	48	47	36	49	74	48	45	76	70	58	43	50	69	53	50	49	78	62	54	47	68	55	43
E07000012	42	40	50	39	52	59	56	49	58	45	42	51	38	60	69	42	39	57	46	51	46	35	39	33	45	39	39	34	58	36	37	46	47	49	41	41	47	42	43
E07000026	53	53	42	34	32	52	55	40	46	44	53	52	37	33	48	35	44	40	37	49	56	30	52	39	65	38	56	46	47	68	40	34	47	58	50	41	55	53	38
E07000027	41	38	23	25	30	29	35	33	30	38	34	28	35	33	37	33	24	23	27	24	26	30	20	29	42	15	30	19	26	31	33	25	27	43	24	23	34	41	24
E07000028	68	50	39	44	44	63	62	36	43	41	55	47	40	36	46	43	30	34	45	40	46	33	42	47	49	53	40	44	50	48	37	43	55	59	34	54	55	68	45
E07000029	45	38	40	24	26	39	25	19	15	19	20	23	25	33	34	30	36	38	26	36	35	30	36	22	40	26	30	30	36	22	14	26	38	21	33	16	44	45	21
E07000030	24	19	25	20	11	29	25	17	18	23	22	26	31	12	20	17	17	20	18	24	23	13	11	17	24	28	16	11	21	21	7	20	13	21	13	9	16	24	16
E07000031	50	49	58	38	37	67	75	38	36	33	53	39	38	49	59	105	40	44	70	52	57	45	40	52	60	42	39	49	61	73	41	31	38	66	41	47	80	50	47
E07000032	68	70	54	36	29	66	49	42	40	55	58	46	37	54	74	70	43	36	55	48	45	34	40	59	69	43	40	47	52	53	35	39	66	25	35	40	68	68	30
E07000033	48	44	27	39	26	41	28	22	28	19	34	34	32	38	45	21	28	18	21	47	25	32	36	36	36	27	31	16	28	37	40	15	45	37	20	23	29	48	29
E07000034	51	62	44	38	36	68	56	51	48	42	43	63	41	45	49	57	41	37	36	56	48	43	39	61	41	48	52	38	47	48	36	31	59	44	34	50	37	51	24
E07000035	25	43	21	35	22	42	27	22	21	18	31	28	23	26	48	36	20	23	31	30	28	17	24	37	34	34	30	19	38	27	28	33	33	33	28	24	45	25	17
E07000036	66	50	51	32	43	58	39	36	49	43	55	44	43	35	53	57	30	35	46	55	48	34	48	46	62	45	36	38	56	48	30	41	54	59	37	30	43	66	36
E07000037	51	34	29	34	31	42	35	28	26	18	28	31	31	27	47	57	29	27	27	39	41	30	29	37	50	24	24	32	36	29	26	23	24	37	29	24	43	51	30
E07000038	55	46	62	47	33	41	40	44	30	37	31	39	38	40	41	56	46	27	47	52	58	33	34	51	55	52	35	36	47	36	25	28	52	42	52	35	52	55	35
E07000039	38	42	39	33	44	46	35	22	32	29	34	32	39	43	50	31	33	24	20	36	40	29	24	46	31	32	41	31	32	43	30	20	33	29	25	29	48	38	24
E07000040	71	71	72	67	50	82	86	55	58	48	64	85	57	45	88	81	55	60	61	60	89	51	62	78	76	55	73	68	84	76	47	55	74	64	78	46	100	71	59
E07000041	52	49	47	15	21	62	40	37	42	36	32	39	37	28	49	53	31	33	38	43	44	26	31	31	57	38	27	28	53	32	37	41	41	33	38	22	44	52	38
E07000042	39	32	29	27	27	42	36	20	34	26	35	31	28	39	41	41	34	24	41	24	34	24	39	27	32	22	38	38	23	33	23	25	28	18	32	22	25	39	31
E07000043	51	40	42	30	40	47	48	45	37	50	55	46	34	39	44	48	37	35	38	56	37	38	33	41	36	40	36	38	46	34	40	30	49	41	48	32	62	51	36
E07000044	43	39	35	31	31	32	40	22	29	27	28	36	29	37	43	34	34	26	34	46	34	38	29	42	35	33	37	23	37	26	35	32	36	33	34	30	59	43	31
E07000045	62	64	71	48	55	76	63	58	60	50	74	69	61	68	64	66	53	72	35	62	72	56	70	70	68	44	61	61	47	83	47	46	72	61	57	55	62	62	46
E07000046	22	35	33	30	24	46	42	26	22	43	29	43	21	25	44	27	27	36	30	31	40	26	26	30	36	20	34	25	18	30	24	22	37	30	19	40	31	22	24
E07000047	27	27	32	25	23	21	31	16	15	12	23	27	29	30	34	24	24	23	32	17	29	27	41	21	31	22	15	23	31	31	20	22	33	32	18	10	37	27	19
E07000061	49	49	55	46	47	69	45	31	41	47	55	45	55	35	67	49	58	46	37	65	62	47	31	61	56	42	45	43	39	35	27	23	68	53	37	46	37	49	29
E07000062	61	36	65	32	45	58	30	33	28	29	35	45	38	23	38	55	39	30	37	44	33	47	33	32	50	36	35	31	40	28	24	24	50	43	33	22	45	61	26
E07000063	76	54	54	47	35	64	49	32	40	38	35	59	45	37	57	55	40	51	40	54	37	49	37	62	61	35	43	42	44	36	44	30	52	67	39	36	50	76	40
E07000064	46	53	64	34	42	67	50	44	53	48	48	57	62	52	82	56	60	40	39	58	45	61	52	57	66	54	56	42	38	48	31	43	60	56	60	51	43	46	33
E07000065	88	60	80	72	56	98	53	49	96	49	59	85	75	60	83	71	56	64	60	58	68	72	60	81	74	52	61	53	84	77	57	65	61	80	56	43	74	88	51
E07000066	64	72	50	48	46	92	68	33	62	49	63	56	51	57	70	94	46	43	47	65	67	46	65	82	89	45	26	25	57	64	52	44	72	68	54	37	84	64	50
E07000067	69	53	60	58	34	61	73	37	48	42	53	44	48	58	74	70	29	58	50	60	53	58	47	66	62	36	57	62	60	58	55	55	49	77	42	36	74	69	44
E07000068	38	35	21	24	33	28	40	21	26	18	35	27	24	25	35	42	24	22	26	33	23	19	28	36	34	22	22	20	31	36	28	20	34	27	19	31	37	38	23
E07000069	35	42	41	40	39	59	43	20	27	21	57	47	44	40	57	48	16	50	17	35	53	29	40	62	40	28	31	29	46	42	41	24	57	32	30	32	53	35	26
E07000070	52	44	67	52	64	71	85	41	43	38	51	67	66	43	91	79	45	38	46	55	62	49	55	74	70	42	44	35	72	42	48	57	74	90	36	36	81	52	50
E07000071	55	68	78	57	51	76	43	62	51	62	57	50	47	64	83	65	51	59	43	47	62	49	58	74	77	50	45	43	54	68	43	34	57	62	63	40	58	55	52
E07000072	51	46	68	33	37	59	85	36	44	50	48	59	47	38	58	90	39	47	42	34	45	50	45	51	97	37	41	41	59	46	28	34	58	70	30	41	68	51	36
E07000073	33	29	29	17	28	38	62	19	34	26	30	23	23	22	32	48	20	26	16	26	27	25	26	31	37	20	13	16	28	21	29	25	26	30	30	17	46	33	16
E07000074	24	25	26	21	34	29	39	15	29	50	34	29	25	23	26	36	21	24	22	22	31	24	25	37	37	24	20	23	26	29	16	28	30	36	21	17	32	24	16
E07000075	55	31	37	24	30	59	48	28	35	31	27	24	20	31	53	40	24	26	17	31	31	27	33	38	43	25	15	15	36	26	30	31	38	38	26	18	27	55	32
E07000076	94	86	86	69	85	105	106	83	80	73	83	76	66	110	111	100	75	71	71	81	76	65	82	113	90	68	62	66	75	72	70	50	91	107	68	55	127	94	65
E07000077	34	22	40	35	33	47	51	20	11	24	27	21	24	25	41	37	26	12	28	26	21	38	21	31	45	25	23	17	35	29	21	13	35	25	34	21	43	34	10
E07000078	39	53	43	45	33	62	42	44	41	31	47	50	51	36	59	39	35	31	32	46	59	50	39	58	48	38	47	50	46	49	48	35	56	35	42	48	35	39	25
E07000079	43	42	38	36	33	59	44	41	31	50	31	47	35	28	54	45	37	27	27	44	21	44	18	42	35	38	42	38	38	47	29	24	56	40	31	34	49	43	23
E07000080	26	40	35	23	42	44	37	26	43	40	42	45	33	37	36	40	38	30	22	44	28	40	32	35	39	24	30	34	48	40	30	39	33	29	34	26	43	26	42
E07000081	52	41	43	31	49	54	66	23	38	48	49	44	40	44	67	55	25	46	35	53	42	45	40	61	44	27	29	28	46	49	29	35	49	52	28	31	57	52	32
E07000082	56	35	46	54	55	67	55	39	44	40	49	51	52	48	64	57	45	33	29	38	50	41	32	38	59	53	43	30	33	49	39	45	62	38	46	42	56	56	25
E07000083	51	38	33	24	24	42	30	29	22	30	41	41	23	22	44	42	37	24	23	33	34	18	20	28	38	24	36	24	28	31	18	22	44	32	23	22	47	51	31
E07000084	63	69	61	46	40	66	56	48	48	47	68	70	46	41	77	51	47	46	52	61	72	60	59	74	62	59	54	32	73	66	41	40	67	45	55	50	70	63	33
E07000085	61	39	49	38	36	38	60	45	46	37	39	45	43	38	52	48	26	44	47	47	45	48	35	41	61	30	39	49	50	42	57	33	44	56	43	35	62	61	30
E07000086	30	53	44	27	47	26	42	35	46	51	49	38	32	42	42	45	37	49	32	35	45	32	35	54	63	28	50	29	37	33	42	38	53	53	35	32	38	30	42
E07000087	58	46	56	44	48	58	54	34	48	38	43	53	47	55	57	49	33	60	34	57	39	59	37	59	58	38	49	32	50	57	49	44	66	52	34	31	44	58	34
E07000088	41	22	41	26	34	53	60	42	37	25	42	32	23	36	50	46	25	20	16	24	29	32	43	49	34	21	25	27	43	21	36	29	30	28	25	23	40	41	28
E07000089	20	35	33	19	26	32	31	24	18	28	33	24	20	22	29	23	34	23	15	23	20	29	24	30	27	30	13	29	36	17	22	21	32	27	31	32	50	20	17
E07000090	51	74	75	65	35	65	64	33	33	42	56	60	60	40	50	52	43	56	38	62	66	48	50	52	38	40	40	53	71	58	53	58	50	57	43	40	69	51	36
E07000091	85	86	82	59	82	99	112	66	74	75	88	103	85	102	86	107	58	105	64	91	106	72	104	89	106	85	78	78	89	97	92	47	90	103	56	84	95	85	78
E07000092	33	32	28	25	17	39	28	19	25	13	37	24	22	26	32	25	16	34	13	27	35	15	28	42	31	20	29	24	26	32	22	24	26	30	17	24	32	33	27
E07000093	53	50	49	51	34	52	60	29	46	39	45	47	42	49	63	47	25	38	32	34	59	45	42	51	61	35	28	42	46	48	32	42	56	59	41	40	54	53	34
E07000094	60	42	52	32	39	46	47	55	42	18	34	29	34	24	44	43	37	28	19	55	34	38	38	43	49	26	22	38	57	51	46	23	51	51	32	35	54	60	43
E07000095	30	36	34	30	33	39	53	44	32	34	56	46	20	22	50	56	36	20	25	37	30	28	27	36	34	27	24	12	33	31	28	25	30	29	27	25	40	30	32
E07000096	58	49	56	44	38	51	102	36	48	50	65	45	48	41	56	74	39	50	49	45	39	55	39	51	68	36	51	40	73	44	40	32	52	62	39	22	71	58	49
E07000098	29	43	39	20	26	62	79	23	32	18	43	54	38	24	37	65	30	27	28	32	44	30	29	40	54	32	31	22	40	47	37	31	40	35	40	19	63	29	25
E07000099	62	44	55	49	31	51	63	42	28	34	52	35	56	41	65	71	45	40	48	55	35	39	49	45	66	34	44	44	42	42	25	52	46	53	40	45	66	62	25
E07000102	43	47	36	21	32	37	37	13	28	17	33	29	37	19	33	43	20	26	19	24	28	26	22	41	36	22	34	16	27	26	33	11	37	32	20	16	51	43	28
E07000103	37	21	28	20	18	26	54	10	26	14	35	34	23	27	22	46	16	33	11	26	35	18	17	28	48	15	17	19	28	21	19	24	31	30	17	20	31	37	27
E07000105	42	51	42	28	31	52	39	36	41	32	49	44	41	44	64	49	20	39	35	36	44	44	28	66	73	36	43	31	45	25	33	39	47	58	33	32	42	42	36
E07000106	69	75	84	48	66	91	86	42	42	51	64	68	50	55	82	74	36	49	39	53	63	50	58	73	75	39	53	44	65	49	50	47	63	60	44	52	58	69	42
E07000107	49	39	27	23	19	43	36	15	19	39	23	36	29	29	57	54	22	14	23	46	39	35	26	40	38	36	21	29	39	43	33	25	31	33	24	34	41	49	30
E07000108	60	67	48	48	53	61	66	39	29	37	59	61	39	47	67	67	44	45	41	51	44	38	53	43	56	37	33	41	65	47	41	39	43	47	33	32	63	60	46
E07000109	41	34	48	26	34	57	52	24	33	17	37	47	32	41	61	59	17	27	18	35	43	43	43	53	54	22	23	26	51	42	35	30	43	40	37	12	59	41	26
E07000110	69	48	63	40	60	70	68	46	47	55	65	65	45	56	59	77	43	59	48	70	70	62	52	70	81	44	39	43	74	34	75	42	63	69	39	36	69	69	47
E07000111	64	50	40	28	26	45	34	34	45	39	68	41	42	44	46	43	30	40	38	55	52	23	34	51	47	35	35	48	60	49	34	39	45	31	43	42	44	64	27
E07000112	62	54	47	44	43	78	59	34	31	34	45	62	53	51	65	71	27	41	33	42	49	43	37	42	60	42	42	38	54	48	48	40	50	54	42	31	49	62	33
E07000113	77	60	58	45	41	82	76	32	55	46	62	54	62	57	66	62	49	49	42	39	62	39	53	65	51	55	28	37	81	60	46	26	50	47	48	43	62	77	56
E07000114	79	79	69	48	64	67	82	61	89	53	92	71	61	68	71	89	55	85	72	69	67	62	59	89	94	40	53	73	80	74	64	54	84	80	34	50	75	79	66
E07000115	42	46	34	23	46	51	36	34	45	34	34	45	34	33	45	41	42	43	27	43	55	47	43	63	53	49	37	25	45	42	32	24	52	38	34	26	51	42	42
E07000116	42	57	37	22	33	60	46	17	42	26	61	35	46	38	59	42	21	32	19	49	50	33	50	48	44	36	44	34	55	46	41	31	43	35	23	36	45	42	35
E07000117	44	49	54	36	34	38	59	41	26	26	44	32	40	29	46	48	35	27	44	39	35	24	30	33	47	22	25	22	39	51	26	37	26	32	34	23	43	44	20
E07000118	66	70	50	36	30	42	52	45	35	38	27	61	56	23	72	53	38	37	34	30	57	35	45	78	65	43	34	41	49	47	38	47	61	57	43	43	54	66	34
E07000119	58	42	36	21	40	43	37	40	43	36	41	41	28	42	57	54	35	45	28	30	41	33	40	55	60	35	47	52	36	47	42	29	47	57	21	23	37	58	25
E07000120	40	31	39	23	32	48	34	20	25	29	34	40	15	29	28	46	30	24	19	23	44	22	21	39	39	33	43	20	28	32	26	31	35	33	32	36	40	40	23
E07000121	65	62	56	57	39	55	78	52	62	48	62	49	68	57	56	77	49	49	39	63	52	41	44	59	51	31	35	35	77	53	51	47	55	45	44	62	72	65	50
E07000122	46	50	38	41	31	41	34	26	32	27	35	43	28	25	49	39	31	29	34	41	43	32	35	36	27	22	39	24	35	56	26	33	34	23	14	28	43	46	32
E07000123	74	48	46	47	59	66	61	38	47	49	47	46	39	61	67	64	28	44	40	60	70	46	42	61	67	29	29	38	55	55	43	29	53	56	63	44	42	74	35
E07000124	39	29	30	16	25	18	29	23	18	31	24	20	22	14	33	32	25	22	35	16	27	32	21	22	34	22	22	33	31	31	18	23	25	31	17	32	18	39	34
E07000125	46	38	29	26	24	35	21	30	17	20	26	21	31	29	46	24	27	24	11	29	31	25	36	28	38	25	15	23	28	27	19	22	15	34	15	25	35	46	11
E07000126	56	41	32	34	32	63	46	35	19	43	35	37	38	48	50	34	47	41	31	40	40	36	36	26	36	26	41	31	44	38	26	41	35	43	33	26	37	56	33
E07000127	70	45	57	40	42	65	59	15	27	26	64	51	55	37	62	47	24	29	47	54	43	41	43	47	61	34	39	40	53	52	42	61	62	61	39	29	64	70	34
E07000128	70	55	65	43	61	86	72	52	57	64	50	70	64	49	60	66	42	48	53	59	61	39	41	61	63	36	39	41	63	57	59	44	56	51	42	42	65	70	43
E07000129	44	29	44	27	38	43	36	35	36	32	37	43	25	37	39	32	32	35	16	38	31	33	27	36	37	29	26	25	29	31	30	34	32	43	30	34	33	44	31
E07000130	81	59	67	57	53	68	69	55	70	40	55	59	46	63	69	44	53	59	51	65	63	35	65	64	65	62	48	66	58	71	46	45	63	57	53	64	62	81	45
E07000131	32	34	24	35	31	35	63	34	27	32	40	30	23	28	30	49	22	36	38	45	27	24	34	55	46	24	22	35	37	37	24	29	33	62	42	29	51	32	23
E07000132	65	44	45	34	44	57	45	33	24	47	43	49	35	57	48	68	22	42	41	54	47	35	25	48	39	39	41	44	37	35	33	24	45	33	24	30	42	65	31
E07000133	24	15	13	14	14	21	17	17	27	25	33	19	18	19	22	28	17	16	19	20	18	14	23	25	23	19	17	12	16	12	17	15	17	20	9	19	28	24	22
E07000134	68	34	34	26	28	53	34	30	33	25	51	31	36	40	59	57	30	33	26	49	25	31	37	42	35	21	34	36	41	40	21	23	43	39	29	35	41	68	27
E07000135	43	21	17	13	19	26	32	19	24	11	23	24	28	17	17	30	14	17	15	24	33	27	23	25	27	26	21	27	28	29	20	18	21	27	18	25	44	43	24
E07000136	29	41	30	31	26	32	30	28	26	16	29	26	26	41	32	24	22	27	24	36	35	26	31	35	30	19	20	24	37	34	34	24	42	30	25	30	28	29	20
E07000137	84	81	91	74	70	99	90	73	61	77	84	99	88	62	80	89	53	72	74	84	79	70	72	75	80	58	75	59	85	69	64	69	77	96	56	82	74	84	71
E07000138	49	51	38	23	30	31	51	29	23	39	31	40	26	28	24	43	30	28	35	40	45	27	24	31	45	26	34	30	35	45	24	42	35	42	29	22	43	49	14
E07000139	57	54	49	56	36	56	72	35	36	48	55	65	48	48	56	61	37	49	32	56	49	35	52	64	46	54	41	32	50	60	39	44	49	39	46	32	47	57	38
E07000140	36	39	52	40	35	51	50	40	43	51	42	54	33	33	52	52	31	37	39	27	50	37	47	59	59	35	40	45	43	26	26	31	52	32	34	42	47	36	37
E07000141	60	40	58	44	63	69	66	46	46	52	63	60	59	57	68	75	49	44	44	52	38	46	39	73	62	47	49	47	80	57	69	48	54	52	44	46	60	60	57
E07000142	43	40	45	38	40	46	51	48	31	28	48	33	28	34	36	41	47	41	33	54	48	36	36	37	40	32	44	36	46	51	35	30	55	30	30	37	54	43	38
E07000143	79	62	67	59	53	93	65	40	53	39	66	80	60	57	68	84	51	57	56	55	66	56	59	71	73	74	58	55	77	57	43	46	69	52	57	43	97	79	42
E07000144	56	73	66	40	41	74	58	63	49	40	80	73	44	44	74	60	52	52	44	67	63	41	52	66	48	52	46	42	59	51	45	61	49	64	52	61	51	56	53
E07000145	38	54	38	44	39	54	49	38	37	39	61	40	41	47	61	47	43	56	37	56	40	36	23	44	29	39	39	43	54	39	36	29	41	57	42	49	56	38	40
E07000146	82	86	67	69	46	101	80	53	44	68	70	61	62	67	97	80	46	53	44	82	76	64	77	73	87	70	38	52	92	71	47	58	80	75	75	55	79	82	45
E07000147	60	66	46	49	49	95	62	47	67	47	59	59	51	58	77	59	58	52	52	64	63	43	75	73	54	51	49	43	62	71	46	50	67	45	52	45	60	60	46
E07000148	59	47	63	48	51	63	54	39	45	44	53	53	38	38	51	65	40	55	39	50	46	44	31	34	65	45	41	42	64	40	43	28	61	32	38	50	54	59	32
E07000149	60	60	54	50	50	79	50	32	40	37	49	66	57	54	70	65	45	34	38	57	56	54	57	70	55	38	43	36	57	57	43	45	59	57	45	40	42	60	35
E07000150	14	20	25	21	27	18	29	16	20	13	22	25	25	15	40	44	16	22	13	24	20	17	15	12	23	14	21	15	21	23	10	11	25	26	23	17	33	14	15
E07000151	44	17	34	19	28	44	33	27	20	9	29	32	30	27	32	24	18	24	19	24	43	24	40	38	42	12	29	22	27	31	18	29	39	29	25	25	36	44	18
E07000152	51	27	44	40	15	47	45	25	38	32	42	38	34	25	29	46	21	21	28	43	40	41	24	33	38	29	26	26	37	30	27	23	33	41	31	24	43	51	26
E07000153	33	35	33	42	53	44	44	31	39	31	42	34	36	26	36	40	24	35	30	47	42	28	29	38	59	26	35	23	45	34	33	24	35	49	25	17	32	33	37
E07000154	98	86	95	51	66	102	85	48	78	68	66	87	65	66	91	104	74	61	66	69	74	66	64	66	97	53	50	71	51	61	49	50	98	91	44	52	75	98	54
E07000155	39	37	19	20	25	47	42	27	23	27	25	22	24	30	34	33	20	21	28	23	33	21	15	28	32	21	35	19	28	31	12	24	29	31	18	23	20	39	22
E07000156	52	18	37	18	29	34	40	31	32	27	23	39	29	29	40	36	29	30	13	24	37	33	25	35	70	22	27	12	26	27	18	20	24	32	19	20	38	52	17
E07000163	24	35	25	21	35	24	43	17	22	17	28	28	12	47	28	23	36	16	23	17	30	27	16	32	30	31	14	19	21	29	32	24	16	32	21	25	29	24	16
E07000164	48	29	39	31	28	40	60	32	35	25	38	36	31	43	42	59	21	30	29	48	45	30	24	55	37	18	28	28	43	28	33	50	46	27	30	41	46	48	36
E07000165	88	72	56	46	56	74	109	42	59	56	63	81	48	60	89	109	54	70	36	48	58	37	59	79	84	42	51	59	73	50	43	57	57	75	42	58	86	88	43
E07000166	30	20	33	14	29	34	13	12	25	15	21	17	21	18	29	20	20	16	21	20	28	30	15	31	20	10	17	7	19	19	12	6	20	26	13	25	27	30	12
E07000167	33	23	17	9	15	20	29	25	19	20	22	24	30	11	27	36	27	19	10	36	23	18	25	27	25	15	19	22	24	25	29	20	22	24	13	19	24	33	27
E07000168	64	57	55	44	48	79	57	55	47	38	60	61	51	56	76	59	34	45	38	82	65	39	40	54	62	57	40	52	56	57	40	43	57	62	38	44	49	64	42
E07000169	43	33	28	26	23	33	33	27	34	22	37	28	29	36	34	27	25	13	17	31	26	27	32	32	34	31	28	19	40	33	18	14	39	36	26	17	37	43	31
E07000170	48	42	35	49	41	63	50	44	50	50	66	47	27	49	61	50	34	45	43	58	53	37	34	48	52	46	36	30	56	51	42	44	43	41	40	36	49	48	46
E07000171	56	51	49	33	56	65	46	37	38	43	41	54	50	55	53	56	36	38	27	36	44	38	49	50	55	43	49	32	32	55	36	50	61	55	32	33	62	56	39
E07000172	44	46	53	40	27	53	41	32	36	46	37	46	36	40	51	52	37	43	39	39	36	39	31	43	50	47	43	31	58	36	39	34	43	59	37	40	42	44	38
E07000173	46	55	50	31	44	58	59	37	43	29	41	54	41	53	47	52	48	32	33	48	60	47	49	49	53	28	22	35	35	44	44	34	60	23	29	46	45	46	40
E07000174	68	47	51	44	39	68	61	44	34	46	35	61	42	49	64	42	53	42	19	43	43	39	49	49	40	31	45	34	54	41	27	43	45	35	31	35	44	68	32
E07000175	47	50	49	43	40	67	57	45	37	31	46	59	25	50	49	61	56	44	36	48	39	33	47	46	65	43	37	40	54	41	31	43	59	49	37	41	59	47	42
E07000176	58	43	49	40	42	53	45	25	28	34	48	33	44	30	55	54	41	35	29	31	43	26	32	44	39	30	33	34	39	43	26	31	46	36	29	22	49	58	26
E07000177	63	63	45	50	48	59	69	40	46	49	61	48	64	44	78	58	42	53	30	59	52	58	49	62	60	49	57	40	49	64	34	41	58	48	47	25	62	63	48
E07000178	41	37	27	29	33	44	52	32	26	24	28	37	35	47	39	65	23	36	33	43	37	23	28	36	49	24	31	25	41	27	22	25	40	47	24	36	28	41	22
E07000179	45	40	41	41	40	61	62	30	35	61	42	57	47	42	70	59	36	33	38	57	43	40	47	39	44	36	28	37	52	50	33	25	45	45	31	38	41	45	29
E07000180	38	62	31	40	34	56	72	24	46	31	44	42	45	36	54	41	31	48	36	37	50	45	36	49	45	46	31	30	44	43	31	35	48	51	42	35	53	38	39
E07000181	55	41	37	38	42	48	61	26	22	25	48	41	38	42	60	70	20	38	29	32	53	37	27	41	47	25	39	44	32	34	29	23	52	57	37	30	29	55	36
E07000187	59	50	62	39	35	57	50	33	51	49	43	50	43	51	54	54	33	48	52	46	48	34	22	49	52	33	51	51	39	44	59	39	39	50	55	46	60	59	52
E07000188	58	65	50	49	39	66	60	45	44	50	70	80	50	53	53	78	44	54	46	60	59	31	45	72	106	36	44	35	55	63	47	42	47	56	51	43	64	58	43
E07000189	83	81	71	47	52	88	69	46	79	72	63	75	63	61	86	67	77	68	79	81	74	68	58	91	79	52	42	63	91	85	66	65	85	67	61	46	66	83	65
E07000192	45	33	45	37	21	34	44	24	34	34	35	36	26	32	45	38	50	25	33	30	35	41	22	34	46	21	40	32	28	31	45	29	46	30	33	27	37	45	38
E07000193	53	42	40	34	38	55	63	25	37	49	41	63	49	58	43	67	39	26	29	32	38	25	32	43	67	36	33	37	45	42	42	33	53	53	22	29	63	53	39
E07000194	49	35	39	34	24	46	69	24	42	35	51	49	22	54	38	64	19	29	44	36	41	47	47	48	75	14	32	32	33	55	41	33	40	45	32	29	58	49	34
E07000195	54	67	49	63	34	59	58	53	46	35	50	55	48	39	64	72	51	38	48	41	57	36	45	45	67	49	46	46	62	41	45	51	64	51	36	30	54	54	17
E07000196	59	52	54	38	57	76	65	41	44	36	59	41	44	55	73	71	41	46	38	50	46	34	55	52	73	31	37	48	50	47	32	23	50	51	41	37	70	59	38
E07000197	73	46	47	36	48	61	64	44	40	50	52	47	47	49	62	72	49	56	39	52	50	47	48	40	69	54	34	52	43	49	43	52	68	55	58	71	68	73	42
E07000198	72	48	34	47	46	40	54	47	36	41	49	55	32	39	35	49	39	27	33	36	42	34	34	34	53	40	43	26	48	45	45	34	41	65	29	32	49	72	36
E07000199	24	23	29	18	15	32	27	19	15	22	20	27	22	20	29	54	16	14	13	21	15	24	17	31	37	38	13	17	29	32	16	22	31	20	26	36	38	24	10
E07000200	49	51	44	42	31	48	71	39	29	28	26	34	39	33	55	59	33	38	25	32	35	30	38	51	44	33	21	30	48	47	24	32	42	46	41	29	60	49	25
E07000202	48	33	50	31	38	69	59	39	26	38	55	37	43	35	68	64	35	33	31	51	40	49	42	53	49	31	17	25	26	35	34	23	66	57	31	28	63	48	37
E07000203	43	43	35	31	51	33	57	42	33	25	53	34	33	47	56	58	40	33	29	42	53	19	38	44	43	32	43	33	32	47	28	28	39	45	23	44	53	43	23
E07000207	36	58	38	38	48	41	56	25	45	47	47	41	38	38	50	42	38	45	50	32	52	23	39	44	47	32	34	43	52	42	31	38	41	48	41	39	61	36	31
E07000208	27	20	26	22	21	38	29	11	24	21	30	35	25	19	24	32	15	25	15	24	21	15	17	29	35	26	21	20	29	15	24	17	18	20	21	15	35	27	13
E07000209	38	39	41	44	40	49	55	34	41	28	36	68	41	45	44	37	44	30	37	54	44	25	24	52	56	41	41	33	44	33	35	34	37	48	31	29	64	38	25
E07000210	29	32	38	28	22	40	61	32	34	33	34	28	31	40	41	53	26	29	35	47	35	38	32	42	68	36	25	20	51	34	28	29	37	48	35	34	50	29	32
E07000211	50	45	43	53	53	63	71	24	55	43	52	52	54	62	68	80	58	39	40	46	51	51	53	62	70	39	34	29	73	47	46	43	43	58	42	42	64	50	43
E07000212	30	26	43	20	19	30	46	26	14	26	24	30	33	26	34	33	17	28	29	23	30	28	27	24	41	21	25	23	46	39	28	33	38	37	29	31	50	30	23
E07000213	40	39	30	18	32	36	52	17	31	22	33	28	31	34	26	31	25	30	28	36	30	32	39	49	46	20	24	22	40	35	23	31	37	37	37	24	43	40	29
E07000214	42	45	48	12	35	52	46	27	24	23	33	25	28	43	42	41	26	19	28	34	28	34	28	30	73	21	21	17	34	33	24	21	45	49	20	23	52	42	18
E07000215	34	38	31	30	32	30	47	17	29	29	47	35	25	38	15	35	30	25	30	41	35	23	30	24	32	33	18	22	44	42	35	29	34	32	40	24	55	34	12
E07000216	61	48	52	39	43	67	73	24	37	52	44	44	30	40	49	52	39	47	40	50	47	44	29	49	82	31	35	44	55	49	38	27	49	50	36	39	56	61	28
E07000217	41	34	16	23	31	36	32	14	25	47	41	29	32	36	26	43	24	37	44	27	33	31	37	27	32	19	37	25	38	31	33	23	32	45	18	32	43	41	35
E07000218	24	29	36	17	27	33	32	17	30	40	25	32	25	26	30	40	17	21	23	41	39	24	29	30	41	22	25	18	35	24	21	29	29	36	14	19	41	24	22
E07000219	61	53	46	51	50	80	72	44	48	59	62	51	33	67	51	59	52	45	49	42	49	45	49	56	58	34	29	34	62	70	36	43	62	49	25	38	54	61	35
E07000220	51	45	44	41	32	47	41	25	46	31	30	27	36	36	53	60	34	38	32	40	46	37	37	45	32	26	34	24	31	51	37	29	46	43	38	24	40	51	25
E07000221	90	54	66	36	73	67	51	38	51	59	57	69	49	56	57	68	52	53	48	55	55	48	55	56	71	57	32	59	39	34	55	36	60	46	43	44	53	90	48
E07000222	44	59	38	40	38	43	61	24	42	60	41	37	41	45	58	64	44	52	41	62	47	44	34	54	46	30	50	48	63	61	46	40	35	50	34	43	54	44	42
E07000223	19	38	26	22	26	36	29	18	28	19	37	25	29	20	34	32	17	24	25	21	29	24	33	36	29	25	13	21	32	26	23	31	27	28	20	28	43	19	27
E07000224	87	90	100	73	93	115	99	61	74	65	70	96	80	88	102	106	66	78	79	72	102	81	74	95	121	83	89	68	75	104	78	77	102	107	81	73	96	87	69
E07000225	83	69	59	48	55	74	62	39	45	56	51	63	53	56	57	72	54	48	55	74	55	50	66	63	65	58	56	64	61	66	61	50	73	72	59	41	79	83	51
E07000226	29	32	31	20	27	32	35	32	18	27	32	40	36	27	33	37	28	25	28	32	41	19	23	37	39	17	18	31	24	23	18	29	34	33	20	22	27	29	14
E07000227	56	73	68	41	54	66	57	39	52	59	67	63	51	57	56	63	32	40	49	55	70	55	44	55	82	56	40	37	66	67	41	43	61	65	51	42	53	56	36
E07000228	54	58	51	54	38	83	76	51	45	45	56	54	60	51	71	83	48	38	38	61	54	48	53	58	69	56	41	31	64	50	44	23	57	63	44	23	58	54	43
E07000229	66	54	51	40	45	64	72	45	42	34	56	50	52	47	59	62	47	57	39	61	62	33	46	57	65	43	46	42	57	64	58	50	57	63	39	54	59	66	57
E07000234	53	33	41	33	36	74	58	28	39	18	35	25	32	33	58	59	36	33	41	40	33	24	27	69	64	26	27	33	39	47	32	26	45	51	31	35	48	53	33
E07000235	53	45	34	34	32	41	57	41	37	30	49	45	32	47	53	46	35	36	42	60	42	36	36	52	45	27	33	30	37	43	29	22	30	52	29	39	70	53	25
E07000236	49	27	40	31	21	36	29	28	15	18	36	30	24	38	33	22	25	35	31	20	31	28	29	36	29	31	36	24	24	35	29	24	34	36	25	19	38	49	19
E07000237	42	27	34	28	36	34	53	33	28	34	26	23	35	22	43	52	31	30	30	33	49	30	34	35	56	35	23	20	31	40	19	37	41	43	17	37	63	42	24
E07000238	51	49	79	54	35	47	70	42	57	31	60	51	38	45	73	65	46	52	34	51	59	46	49	49	70	56	46	35	45	53	57	31	73	53	57	30	55	51	33
E07000239	68	40	49	33	28	46	53	42	50	41	51	55	36	33	50	67	38	33	36	32	39	47	29	53	63	33	48	48	29	40	23	26	52	78	55	34	70	68	32
E07000240	48	57	53	35	36	50	83	34	30	32	36	46	41	40	45	88	34	53	31	47	40	35	30	49	63	41	39	42	52	62	30	44	55	48	34	34	57	48	23
E07000241	44	35	33	29	30	51	43	34	37	42	33	38	30	27	42	43	23	36	32	34	46	35	42	28	51	37	33	30	40	42	39	27	35	42	23	31	54	44	26
E07000242	57	39	53	42	48	50	72	30	31	29	47	48	39	49	54	56	42	41	42	55	61	49	38	60	54	47	48	30	50	56	40	31	52	48	49	34	59	57	34
E07000243	46	28	16	22	28	43	30	36	18	22	20	42	24	37	38	51	14	30	17	22	37	27	33	31	34	29	17	27	27	28	20	26	34	44	24	18	25	46	11
E07000244	133	110	128	101	94	162	169	101	103	89	115	88	110	123	152	141	102	88	100	118	119	86	126	139	134	84	79	80	136	112	87	100	126	127	99	92	157	133	85
E07000245	75	61	88	58	67	93	79	70	68	40	75	75	77	67	69	69	63	60	57	65	58	53	64	70	65	58	61	45	72	77	46	51	65	85	56	51	87	75	61
E07000246	77	64	80	60	61	98	93	55	69	52	89	90	83	88	66	68	61	80	53	77	64	53	58	90	93	32	76	80	80	72	67	58	72	93	76	58	87	77	62
E08000001	127	101	86	87	79	134	134	62	82	71	129	122	106	93	143	118	86	68	95	104	94	93	79	110	121	101	70	66	125	102	92	87	113	82	81	73	113	127	113
E08000002	103	59	82	55	70	88	96	65	47	47	52	72	69	63	78	85	60	66	41	57	49	64	69	65	79	68	57	52	73	55	60	52	63	58	53	63	94	103	61
E08000003	156	132	113	93	103	161	160	91	113	93	150	144	103	125	160	170	120	129	109	124	161	119	147	149	161	108	94	96	129	147	122	86	126	145	122	95	161	156	94
E08000004	97	89	78	59	48	109	76	40	33	66	94	72	66	80	97	124	53	74	76	81	77	70	64	83	76	61	73	41	97	69	58	61	78	93	76	48	93	97	47
E08000005	90	87	104	71	75	89	110	63	48	61	79	86	57	64	99	93	52	61	56	68	78	65	70	86	90	63	66	80	79	73	43	61	79	73	70	63	102	90	44
E08000006	84	89	95	73	70	109	97	69	69	66	66	99	67	51	114	102	65	84	63	102	102	62	69	63	108	56	90	61	98	87	57	78	76	86	67	57	105	84	53
E08000007	128	100	117	114	106	138	140	62	93	105	103	104	97	97	133	125	90	82	88	121	108	65	85	126	111	75	97	89	125	106	68	57	109	107	79	85	130	128	85
E08000008	94	103	89	75	89	105	96	76	68	57	115	78	58	90	86	103	71	79	63	96	85	80	55	100	143	70	64	60	107	88	58	72	88	98	63	65	111	94	65
E08000009	95	94	67	61	64	105	77	49	64	55	89	84	70	71	97	106	48	66	58	67	87	72	72	87	100	71	51	51	93	81	55	54	88	85	68	59	96	95	49
E08000010	152	128	130	123	95	170	124	90	92	93	141	122	117	102	128	164	101	104	77	119	145	103	100	125	171	111	129	96	110	136	82	80	108	137	116	93	125	152	103
E08000011	59	62	82	45	55	68	70	56	63	46	87	59	53	52	76	72	46	52	51	55	51	53	44	59	86	65	52	70	60	60	64	52	71	55	46	62	66	59	62
E08000012	230	145	162	147	178	206	270	125	150	143	163	164	169	168	197	234	126	142	133	178	167	159	165	180	246	139	134	155	178	185	126	109	190	189	147	149	230	230	155
E08000013	106	75	59	65	49	99	107	64	65	32	75	62	66	52	78	99	43	51	56	67	92	70	70	68	88	57	66	74	81	71	77	61	88	64	66	66	122	106	55
E08000014	174	124	150	120	117	170	218	92	125	104	150	162	121	123	168	183	102	141	103	142	139	108	106	141	188	131	103	102	136	147	96	100	139	158	93	107	168	174	120
E08000015	205	146	143	109	106	196	176	110	146	102	133	163	114	107	174	180	120	105	127	160	155	114	120	161	187	116	116	143	160	165	109	102	134	172	127	90	216	205	108
E08000016	101	114	113	80	86	116	160	66	93	80	89	95	91	123	120	127	73	86	71	82	117	95	79	103	114	83	79	73	119	85	84	80	105	111	87	86	138	101	64
E08000017	169	113	129	100	103	187	147	109	123	109	136	154	90	122	157	145	90	119	87	125	117	129	115	128	125	103	110	101	81	123	97	94	144	152	88	94	189	169	87
E08000018	129	118	117	87	92	145	115	82	96	105	103	148	86	99	117	134	84	106	95	106	110	83	93	106	138	83	110	96	139	134	88	103	144	117	56	84	154	129	80
E08000019	243	214	202	120	152	204	238	147	174	159	194	209	135	206	205	249	164	166	180	189	190	139	159	236	240	123	157	153	207	208	193	147	236	233	146	131	221	243	135
E08000021	153	88	90	81	89	130	128	75	65	69	101	106	91	116	112	135	69	77	79	112	104	72	100	106	117	72	81	57	89	105	59	77	98	98	66	96	110	153	70
E08000022	110	76	87	85	75	103	80	70	64	72	83	90	64	99	81	86	61	45	81	82	74	57	78	85	96	75	79	72	73	77	59	74	86	80	89	65	90	110	87
E08000023	87	78	66	53	72	73	63	43	73	45	78	75	50	84	69	75	52	61	36	68	69	65	68	70	84	52	60	80	53	72	61	55	65	73	64	54	56	87	53
E08000024	157	124	132	87	106	123	151	105	102	96	129	136	118	92	113	123	90	107	105	107	123	102	97	137	139	89	95	92	117	144	87	76	112	102	90	98	140	157	98
E08000025	382	366	299	266	309	431	478	275	269	263	364	330	276	296	412	532	259	281	254	360	332	262	303	393	455	294	281	271	348	386	283	246	354	368	299	261	430	382	215
E08000026	125	109	101	94	86	142	149	88	84	100	122	146	90	96	151	155	96	80	84	130	141	104	78	115	124	100	116	105	97	116	89	83	132	117	80	103	127	125	77
E08000027	167	142	124	106	111	150	171	100	122	104	161	142	123	93	171	161	110	118	109	118	134	117	108	135	145	94	108	116	135	130	95	106	127	155	115	116	151	167	91
E08000028	160	110	124	91	116	172	158	77	93	106	124	149	89	101	154	136	84	101	101	146	119	95	98	135	146	106	99	108	136	120	100	82	140	139	112	96	142	160	94
E08000029	95	96	79	61	70	94	110	51	73	82	85	75	74	71	96	125	78	100	70	80	91	74	87	97	130	68	68	74	77	73	66	75	97	128	80	62	103	95	58
E08000030	127	96	101	66	75	114	166	75	111	99	100	105	97	100	105	159	88	77	92	119	96	110	96	114	137	74	84	92	137	103	82	76	100	94	81	83	143	127	101
E08000031	111	119	116	97	78	121	153	109	83	81	109	125	79	102	141	123	76	99	70	115	109	81	96	123	124	102	104	75	137	108	69	67	130	126	77	74	164	111	75
E08000032	201	195	191	141	169	217	216	119	157	134	171	167	135	174	204	203	147	143	151	167	199	150	183	189	220	150	152	169	164	188	148	139	210	199	131	145	192	201	145
E08000033	87	79	81	52	72	112	92	61	62	58	97	70	81	81	88	103	63	76	57	82	72	88	76	66	100	55	56	85	76	72	59	67	87	96	72	50	70	87	62
E08000034	164	151	131	148	142	169	172	98	149	100	125	146	130	166	149	208	90	164	121	165	162	121	167	156	212	91	147	114	153	139	140	152	161	184	130	110	148	164	116
E08000035	305	272	277	202	247	311	280	186	184	217	289	250	186	229	313	295	182	232	216	269	217	177	199	284	293	199	206	235	233	252	228	172	246	292	212	187	347	305	177
E08000036	142	152	142	111	139	155	175	111	106	119	142	146	112	121	142	145	115	117	104	125	144	114	99	143	196	99	106	116	132	151	114	107	149	133	121	108	158	142	112
E08000037	101	84	108	81	73	124	103	57	77	69	80	86	75	52	131	92	74	75	67	80	71	65	82	102	94	75	73	67	106	87	81	63	96	95	74	60	116	101	72
E09000001	2	2	2	2	2	1	1	1	0	2	2	3	1	2	0	1	1	3	3	3	1	1	2	3	3	0	1	3	3	0	2	2	0	0	0	3	2	2	0
E09000002	60	53	38	33	38	70	81	32	44	45	38	46	40	40	64	58	38	37	35	46	52	52	43	59	42	37	36	46	58	54	39	36	54	55	47	43	61	60	36
E09000003	92	106	87	79	83	104	149	62	85	88	110	87	95	90	91	147	102	95	89	116	111	65	70	95	96	56	73	84	116	107	74	66	97	97	62	73	153	92	90
E09000004	93	80	74	74	51	92	90	61	52	63	74	84	67	83	89	113	54	57	65	71	87	61	74	77	121	55	58	58	94	83	50	53	95	80	47	58	94	93	70
E09000005	67	80	66	52	67	72	87	55	45	35	80	66	67	59	86	91	46	59	47	89	88	51	68	63	90	57	67	53	76	65	48	44	67	60	55	52	76	67	41
E09000006	126	93	117	94	75	114	149	67	91	86	99	104	78	77	95	135	74	86	65	104	103	95	65	118	138	86	75	82	109	108	81	53	109	99	84	69	145	126	84
E09000007	72	41	56	33	35	70	53	49	38	37	38	50	40	42	44	65	35	35	47	35	51	42	30	62	51	29	40	39	40	69	37	18	41	48	27	28	51	72	38
E09000008	114	109	109	84	78	141	150	64	72	76	74	108	86	117	109	137	73	67	54	98	121	88	90	84	136	82	66	85	122	86	58	56	99	106	69	77	113	114	62
E09000009	95	79	78	71	56	105	98	67	54	68	66	74	100	78	73	101	59	53	66	108	78	74	79	84	88	68	66	50	111	80	75	59	87	83	47	60	124	95	51
E09000010	93	72	91	60	88	92	178	61	80	55	83	86	101	65	82	153	64	68	50	84	77	66	66	73	131	64	59	70	72	98	51	70	82	93	44	70	123	93	51
E09000011	64	69	78	46	49	69	105	54	52	52	59	70	54	72	65	99	40	45	73	63	49	52	58	62	80	44	49	41	75	57	43	53	56	71	53	56	80	64	45
E09000012	34	42	46	27	37	54	60	39	48	39	48	32	39	33	43	57	26	47	39	61	52	34	33	41	53	39	36	34	53	30	32	33	40	34	27	44	78	34	44
E09000013	52	36	31	47	33	67	40	28	30	30	23	43	47	41	47	43	29	40	15	40	49	30	39	40	39	38	45	32	53	45	21	26	39	41	23	29	51	52	24
E09000014	54	31	43	43	38	65	56	45	34	36	40	52	42	54	53	64	38	37	37	48	53	47	53	57	66	36	49	37	50	58	44	50	54	46	46	43	86	54	26
E09000015	73	49	73	44	50	81	81	53	53	37	52	54	30	51	62	78	53	36	58	79	66	51	58	70	74	49	27	52	88	62	45	42	84	43	45	43	103	73	59
E09000016	112	93	90	78	78	88	129	70	82	64	87	88	82	81	118	128	71	70	86	92	115	94	77	107	122	78	77	69	126	101	89	74	98	110	71	73	142	112	72
E09000017	98	78	76	61	50	86	99	67	56	61	93	79	72	48	81	115	44	56	44	84	69	61	79	86	102	64	60	57	96	79	83	60	95	109	55	52	106	98	66
E09000018	72	62	65	55	32	93	80	42	56	50	60	56	74	44	79	77	51	62	58	70	78	56	55	65	83	43	61	56	52	71	45	45	72	66	67	45	85	72	48
E09000019	39	55	43	37	33	54	68	30	30	34	47	34	32	31	30	56	25	27	29	40	44	29	38	38	64	27	23	40	50	55	35	36	41	51	38	32	62	39	32
E09000020	21	27	31	27	16	53	41	19	24	34	26	31	41	30	31	35	22	30	32	31	31	26	25	31	25	20	35	25	26	32	17	24	40	25	21	17	33	21	22
E09000021	49	36	55	31	37	48	64	44	29	27	43	36	39	61	43	98	30	24	14	63	50	36	38	40	65	22	27	17	57	54	19	22	39	34	30	25	60	49	19
E09000022	57	52	59	43	42	72	87	33	49	64	47	58	49	56	54	66	55	44	64	57	79	40	47	47	74	38	36	50	79	73	56	28	69	78	42	41	87	57	53
E09000023	69	56	71	45	48	56	99	28	53	65	69	74	54	59	72	71	46	48	60	68	73	49	50	56	46	54	39	40	77	62	60	33	79	41	47	48	88	69	44
E09000024	76	41	41	51	41	62	83	27	52	42	44	40	41	49	50	93	36	43	45	44	39	35	43	52	52	36	48	42	67	37	35	27	54	58	40	46	87	76	34
E09000025	64	55	43	41	44	55	87	59	52	53	51	50	51	32	56	73	41	45	50	53	60	46	53	47	59	54	43	19	75	63	39	32	58	56	38	36	92	64	45
E09000026	90	70	71	57	49	100	123	49	56	49	75	74	67	52	68	92	57	51	69	73	54	54	49	63	97	72	49	60	94	63	62	51	77	82	48	52	112	90	63
E09000027	60	42	42	28	37	55	56	47	47	48	44	41	53	33	63	51	45	35	29	39	49	48	45	50	64	37	38	33	44	48	41	34	28	52	31	51	83	60	33
E09000028	48	60	49	38	39	64	65	39	51	38	56	50	62	42	50	43	40	36	37	71	64	43	64	54	64	43	53	35	61	72	33	39	69	51	41	38	74	48	43
E09000029	56	48	58	54	32	72	98	44	45	55	62	58	70	40	75	87	43	51	52	83	63	28	46	57	68	51	48	46	62	69	44	40	69	55	41	47	79	56	51
E09000030	46	29	36	34	50	40	51	43	33	23	32	43	40	34	46	50	37	34	30	38	48	22	37	30	46	27	41	35	48	44	26	44	31	30	33	30	53	46	25
E09000031	51	60	44	49	62	60	85	36	30	35	65	49	73	47	54	82	44	39	42	33	49	55	61	56	69	51	27	53	59	51	37	39	49	61	44	53	73	51	31
E09000032	63	61	61	35	37	91	91	52	33	41	52	60	55	48	66	79	51	42	39	48	52	49	56	59	71	50	61	42	80	57	46	41	64	69	42	46	97	63	43
E09000033	47	35	53	42	32	43	62	38	29	36	55	38	42	47	46	46	25	28	35	57	46	37	35	47	57	29	29	44	67	49	36	36	49	37	28	26	61	47	33
W06000001	37	47	36	39	26	29	26	28	31	37	32	42	24	23	45	39	30	35	38	28	33	33	23	38	25	27	38	26	31	48	28	17	32	25	34	22	37	37	32
W06000002	56	54	53	46	37	81	45	39	35	40	43	58	61	39	58	52	46	46	64	59	56	50	44	66	62	35	56	40	60	51	40	36	71	67	35	39	41	56	46
W06000003	89	51	55	55	34	77	59	45	48	46	63	53	52	62	70	52	46	52	45	51	35	52	44	72	54	55	42	54	60	37	51	49	71	56	34	43	56	89	41
W06000004	66	44	42	25	26	72	48	34	35	49	47	55	38	30	59	46	39	31	51	53	59	27	42	51	36	29	52	43	42	44	31	44	57	38	24	37	47	66	40
W06000005	69	61	62	51	36	88	53	64	49	43	68	61	48	55	72	54	55	55	47	68	61	34	40	59	69	49	49	60	76	65	49	40	67	72	54	60	58	69	46
W06000006	81	46	73	39	53	54	46	34	44	52	48	70	50	64	58	49	49	44	44	53	47	45	61	60	52	39	54	57	73	41	48	42	52	52	47	50	66	81	44
W06000008	38	41	28	16	35	40	33	35	15	28	29	46	29	32	45	33	30	23	30	31	48	32	24	53	31	37	27	22	39	37	36	21	52	30	26	34	36	38	11
W06000009	67	67	57	54	67	87	55	52	44	69	58	72	60	52	62	65	49	31	38	56	67	61	63	53	64	43	48	45	54	61	52	43	68	61	38	22	60	67	48
W06000010	104	79	128	89	70	103	92	59	86	67	77	103	73	79	101	110	74	101	66	115	95	66	69	91	76	74	81	78	109	90	76	59	108	91	83	76	97	104	68
W06000011	128	90	123	80	95	149	110	90	82	83	112	130	85	72	137	103	91	68	92	96	109	91	61	119	120	77	81	103	103	101	80	78	122	110	105	73	102	128	68
W06000012	78	73	79	32	56	87	66	41	43	50	59	76	45	62	66	44	59	59	45	78	72	66	75	60	63	55	67	40	74	76	76	61	48	60	50	62	72	78	34
W06000013	70	44	62	59	42	84	82	51	59	60	72	65	69	40	91	75	61	59	51	58	71	72	53	73	57	58	68	58	47	56	57	51	80	48	45	51	102	70	31
W06000014	62	41	68	49	31	85	49	51	37	32	58	52	41	46	44	53	37	24	32	59	42	47	52	55	44	49	35	53	54	40	41	43	61	38	39	43	51	62	30
W06000015	139	116	96	98	70	130	115	92	80	64	122	88	96	87	92	158	89	82	100	123	95	58	68	92	121	81	95	86	110	117	85	75	99	93	92	79	118	139	77
W06000016	112	93	113	69	71	139	108	88	78	76	130	101	79	84	101	110	79	74	81	123	74	89	76	106	104	83	81	76	123	94	82	61	119	106	58	89	122	112	72
W06000018	67	87	80	49	55	113	80	46	82	42	76	71	89	61	74	77	53	69	43	67	80	70	32	78	84	62	66	62	88	73	58	52	89	57	56	58	107	67	61
W06000019	36	42	34	29	24	54	36	33	20	15	25	50	33	40	25	36	27	23	20	26	42	32	33	40	29	31	28	21	35	31	43	37	40	21	24	28	46	36	30
W06000020	34	39	39	31	36	44	44	35	38	36	42	34	30	28	57	43	28	42	38	61	43	38	35	38	41	45	35	20	45	33	33	31	55	33	32	29	42	34	37
W06000021	55	45	33	31	40	45	36	36	41	27	42	28	25	30	40	39	34	25	27	34	23	41	38	25	36	33	34	29	44	31	39	25	44	34	20	31	38	55	43
W06000022	81	53	58	62	48	87	77	53	47	57	58	51	54	46	79	58	45	53	53	62	43	51	49	69	46	52	55	40	61	49	38	36	60	48	62	44	68	81	43
W06000023	69	67	72	52	48	84	61	34	53	51	53	94	57	64	82	77	41	61	55	52	70	53	55	67	80	58	57	64	65	67	41	50	68	67	49	53	77	69	53
W06000024	34	25	25	16	22	21	32	27	22	20	34	25	26	29	14	29	20	25	28	19	20	20	22	22	27	14	18	22	26	28	10	28	22	32	15	16	38	34	27
